# Tue Jun 29 20:31:50 2021
# Spin blind formalism, bias turned off, lead sites decoupled
# Inputs:
# - Num. leads = (1, 1)
# - Num. impurity sites = 5
# - nelecs = (8, 0)
# - V_leads = 1.0
# - V_imp_leads = 0.4
# - V_bias = -0.005
# - D = 0.5
# - E = 0.1
# - alpha = 0.01
# - U = 1.0
# - E/U = 0.1
# - alpha/D = 0.02
# - alpha/(E^2/U) = 0.9999999999999998
# - alpha^2/(E^2/U) = 0.009999999999999998
0.000000000000000000e+00 1.000000000000000021e-02 2.000000000000000042e-02 2.999999999999999889e-02 4.000000000000000083e-02 5.000000000000000278e-02 5.999999999999999778e-02 7.000000000000000666e-02 8.000000000000000167e-02 8.999999999999999667e-02 1.000000000000000056e-01 1.100000000000000006e-01 1.199999999999999956e-01 1.300000000000000044e-01 1.400000000000000133e-01 1.499999999999999944e-01 1.600000000000000033e-01 1.700000000000000122e-01 1.799999999999999933e-01 1.900000000000000022e-01 2.000000000000000111e-01 2.099999999999999922e-01 2.200000000000000011e-01 2.300000000000000100e-01 2.399999999999999911e-01 2.500000000000000000e-01 2.600000000000000089e-01 2.700000000000000178e-01 2.800000000000000266e-01 2.899999999999999800e-01 2.999999999999999889e-01 3.099999999999999978e-01 3.200000000000000067e-01 3.300000000000000155e-01 3.400000000000000244e-01 3.500000000000000333e-01 3.599999999999999867e-01 3.699999999999999956e-01 3.800000000000000044e-01 3.900000000000000133e-01 4.000000000000000222e-01 4.100000000000000311e-01 4.199999999999999845e-01 4.299999999999999933e-01 4.400000000000000022e-01 4.500000000000000111e-01 4.600000000000000200e-01 4.700000000000000289e-01 4.799999999999999822e-01 4.899999999999999911e-01 5.000000000000000000e-01 5.100000000000000089e-01 5.200000000000000178e-01 5.300000000000000266e-01 5.400000000000000355e-01 5.500000000000000444e-01 5.600000000000000533e-01 5.700000000000000622e-01 5.799999999999999600e-01 5.899999999999999689e-01 5.999999999999999778e-01 6.099999999999999867e-01 6.199999999999999956e-01 6.300000000000000044e-01 6.400000000000000133e-01 6.500000000000000222e-01 6.600000000000000311e-01 6.700000000000000400e-01 6.800000000000000488e-01 6.900000000000000577e-01 7.000000000000000666e-01 7.099999999999999645e-01 7.199999999999999734e-01 7.299999999999999822e-01 7.399999999999999911e-01 7.500000000000000000e-01 7.600000000000000089e-01 7.700000000000000178e-01 7.800000000000000266e-01 7.900000000000000355e-01 8.000000000000000444e-01 8.100000000000000533e-01 8.200000000000000622e-01 8.300000000000000711e-01 8.399999999999999689e-01 8.499999999999999778e-01 8.599999999999999867e-01 8.699999999999999956e-01 8.800000000000000044e-01 8.900000000000000133e-01 9.000000000000000222e-01 9.100000000000000311e-01 9.200000000000000400e-01 9.300000000000000488e-01 9.400000000000000577e-01 9.500000000000000666e-01 9.599999999999999645e-01 9.699999999999999734e-01 9.799999999999999822e-01 9.899999999999999911e-01 1.000000000000000000e+00
0.000000000000000000e+00 8.238562144581126155e-10 1.647546269583580005e-09 2.470903694122914172e-09 3.293761406162469961e-09 4.115951408111977947e-09 4.937304492064589295e-09 5.757649945911636920e-09 6.576815268381604860e-09 7.394625895430937263e-09 8.210904935093965659e-09 9.025472915250927427e-09 9.838147533136144808e-09 1.064874344310482429e-08 1.145707203415472200e-08 1.226294123935148129e-08 1.306615535799631368e-08 1.386651489379612579e-08 1.466381641657075786e-08 1.545785244127728975e-08 1.624841133040919226e-08 1.703527721344742793e-08 1.781822993221879732e-08 1.859704500951518645e-08 1.937149363170024484e-08 2.014134267232293694e-08 2.090635471735932579e-08 2.166628813027580082e-08 2.242089713035789709e-08 2.316993190483198695e-08 2.391313873294063817e-08 2.465026013647939382e-08 2.538103505878087576e-08 2.610519905710988794e-08 2.682248452164497487e-08 2.753262091360638227e-08 2.823533502314667608e-08 2.893035124837387735e-08 2.961739188877663210e-08 3.029617746195978088e-08 3.096642703057047251e-08 3.162785855050440560e-08 3.228018922839483002e-08 3.292313589730784313e-08 3.355641539746021430e-08 3.417974497625572802e-08 3.479284268847071734e-08 3.539542781500749916e-08 3.598722127537138810e-08 3.656794606049015278e-08 3.713732765470183986e-08 3.769509447385045152e-08 3.824097829278921131e-08 3.877471468204441841e-08 3.929604343588284407e-08 3.980470900578410474e-08 4.030046091728870998e-08 4.078305419355570986e-08 4.125224976947895574e-08 4.170781488683477953e-08 4.214952349765063720e-08 4.257715664577512125e-08 4.299050283450376596e-08 4.338935839477607721e-08 4.377352782138125277e-08 4.414282411075035568e-08 4.449706907929364288e-08 4.483609365534085988e-08 4.515973816617753235e-08 4.546785260093464451e-08 4.576029685668772247e-08 4.603694096452216558e-08 4.629766529754380586e-08 4.654236075606554253e-08 4.677092893260785801e-08 4.698328226247750607e-08 4.717934414284699684e-08 4.735904903842562302e-08 4.752234256091570314e-08 4.766918153392432286e-08 4.779953402833802481e-08 4.791337938224718747e-08 4.801070819514878609e-08 4.809152231045293883e-08 4.815583476415304769e-08 4.820366972532971459e-08 4.823506240981537296e-08 4.825005897699039718e-08 4.824871640879252596e-08 4.823110236758734107e-08 4.819729503891531688e-08 4.814738295842437438e-08 4.808146481648170752e-08 4.799964925274196927e-08 4.790205463461923109e-08 4.778880882300395627e-08 4.766004891791934793e-08 4.751592100065986323e-08 4.735657985637464858e-08 4.718218869269006348e-08 4.699291884150064718e-08
