-7.500000000000000000e-01
-7.105263157894736725e-01
-6.710526315789473450e-01
-6.315789473684210176e-01
-5.921052631578946901e-01
-5.526315789473683626e-01
-5.131578947368421462e-01
-4.736842105263158187e-01
-4.342105263157894912e-01
-3.947368421052631637e-01
-3.552631578947368363e-01
-3.157894736842105643e-01
-2.763157894736842368e-01
-2.368421052631579649e-01
-1.973684210526316374e-01
-1.578947368421053099e-01
-1.184210526315789824e-01
-7.894736842105265495e-02
-3.947368421052632748e-02
0.000000000000000000e+00
