# Tue Jul  6 12:58:31 2021
# Spin blind formalism, bias turned on
# Inputs:
# - Num. leads = (2, 2)
# - Num. impurity sites = 5
# - nelecs = (9, 0)
# - V_leads = 1.0
# - V_imp_leads = 0.4
# - V_bias = -0.005
# - D = 0.5
# - E = 0.0
# - alpha = 0.0
# - U = 0.0
0.000000000000000000e+00 1.000000000000000056e-01 2.000000000000000111e-01 3.000000000000000444e-01 4.000000000000000222e-01 5.000000000000000000e-01 6.000000000000000888e-01 7.000000000000000666e-01 8.000000000000000444e-01 9.000000000000000222e-01 1.000000000000000000e+00 1.100000000000000089e+00 1.200000000000000178e+00 1.300000000000000044e+00 1.400000000000000133e+00 1.500000000000000000e+00 1.600000000000000089e+00 1.700000000000000178e+00 1.800000000000000044e+00 1.900000000000000133e+00 2.000000000000000000e+00 2.100000000000000089e+00 2.200000000000000178e+00 2.300000000000000266e+00 2.400000000000000355e+00 2.500000000000000000e+00 2.600000000000000089e+00 2.700000000000000178e+00 2.800000000000000266e+00 2.900000000000000355e+00 3.000000000000000000e+00 3.100000000000000089e+00 3.200000000000000178e+00 3.300000000000000266e+00 3.400000000000000355e+00 3.500000000000000000e+00 3.600000000000000089e+00 3.700000000000000178e+00 3.800000000000000266e+00 3.900000000000000355e+00 4.000000000000000000e+00 4.100000000000000533e+00 4.200000000000000178e+00 4.299999999999999822e+00 4.400000000000000355e+00 4.500000000000000000e+00 4.600000000000000533e+00 4.700000000000000178e+00 4.800000000000000711e+00 4.900000000000000355e+00 5.000000000000000000e+00 5.100000000000000533e+00 5.200000000000000178e+00 5.300000000000000711e+00 5.400000000000000355e+00 5.500000000000000000e+00 5.600000000000000533e+00 5.700000000000000178e+00 5.800000000000000711e+00 5.900000000000000355e+00 6.000000000000000000e+00 6.100000000000000533e+00 6.200000000000000178e+00 6.300000000000000711e+00 6.400000000000000355e+00 6.500000000000000000e+00 6.600000000000000533e+00 6.700000000000000178e+00 6.800000000000000711e+00 6.900000000000000355e+00 7.000000000000000000e+00 7.100000000000000533e+00 7.200000000000000178e+00 7.300000000000000711e+00 7.400000000000000355e+00 7.500000000000000000e+00 7.600000000000000533e+00 7.700000000000000178e+00 7.800000000000000711e+00 7.900000000000000355e+00 8.000000000000000000e+00 8.099999999999999645e+00 8.200000000000001066e+00 8.300000000000000711e+00 8.400000000000000355e+00 8.500000000000000000e+00 8.599999999999999645e+00 8.700000000000001066e+00 8.800000000000000711e+00 8.900000000000000355e+00 9.000000000000000000e+00 9.099999999999999645e+00 9.200000000000001066e+00 9.300000000000000711e+00 9.400000000000000355e+00 9.500000000000000000e+00 9.600000000000001421e+00 9.700000000000001066e+00 9.800000000000000711e+00 9.900000000000000355e+00 1.000000000000000000e+01 1.010000000000000142e+01 1.020000000000000107e+01 1.030000000000000071e+01 1.040000000000000036e+01 1.050000000000000000e+01 1.060000000000000142e+01 1.070000000000000107e+01 1.080000000000000071e+01 1.090000000000000036e+01 1.100000000000000000e+01 1.110000000000000142e+01 1.120000000000000107e+01 1.130000000000000071e+01 1.140000000000000036e+01 1.150000000000000000e+01 1.160000000000000142e+01 1.170000000000000107e+01 1.180000000000000071e+01 1.190000000000000036e+01 1.200000000000000000e+01 1.210000000000000142e+01 1.220000000000000107e+01 1.230000000000000071e+01 1.240000000000000036e+01 1.250000000000000000e+01 1.260000000000000142e+01 1.270000000000000107e+01 1.280000000000000071e+01 1.290000000000000036e+01 1.300000000000000000e+01 1.310000000000000142e+01 1.320000000000000107e+01 1.330000000000000071e+01 1.340000000000000036e+01 1.350000000000000000e+01 1.360000000000000142e+01 1.370000000000000107e+01 1.380000000000000071e+01 1.390000000000000036e+01 1.400000000000000000e+01 1.410000000000000142e+01 1.420000000000000107e+01 1.430000000000000071e+01 1.440000000000000036e+01 1.450000000000000000e+01 1.460000000000000142e+01 1.470000000000000107e+01 1.480000000000000071e+01 1.490000000000000036e+01 1.500000000000000000e+01 1.510000000000000142e+01 1.520000000000000107e+01 1.530000000000000071e+01 1.540000000000000036e+01 1.550000000000000000e+01 1.560000000000000142e+01 1.570000000000000107e+01 1.580000000000000071e+01 1.590000000000000036e+01 1.600000000000000000e+01 1.610000000000000142e+01 1.619999999999999929e+01 1.630000000000000071e+01 1.640000000000000213e+01 1.650000000000000000e+01 1.660000000000000142e+01 1.669999999999999929e+01 1.680000000000000071e+01 1.690000000000000213e+01 1.700000000000000000e+01 1.710000000000000142e+01 1.719999999999999929e+01 1.730000000000000071e+01 1.740000000000000213e+01 1.750000000000000000e+01 1.760000000000000142e+01 1.769999999999999929e+01 1.780000000000000071e+01 1.790000000000000213e+01 1.800000000000000000e+01 1.810000000000000142e+01 1.819999999999999929e+01 1.830000000000000071e+01 1.840000000000000213e+01 1.850000000000000000e+01 1.860000000000000142e+01 1.869999999999999929e+01 1.880000000000000071e+01 1.890000000000000213e+01 1.900000000000000000e+01 1.910000000000000142e+01 1.920000000000000284e+01 1.930000000000000071e+01 1.940000000000000213e+01 1.950000000000000000e+01 1.960000000000000142e+01 1.970000000000000284e+01 1.980000000000000071e+01 1.990000000000000213e+01 2.000000000000000000e+01
0.000000000000000000e+00 1.703679833598654644e-02 3.319093997092665421e-02 4.697055745659911574e-02 5.708436087010523852e-02 6.259414801582216525e-02 6.303481330437990526e-02 5.848698117586997869e-02 4.959200600212592541e-02 3.750505047248109403e-02 2.378867242713655211e-02 1.025609889171578797e-02 -1.220607104478359630e-03 -8.917682380976982293e-03 -1.145970441362508148e-02 -7.989931528261086380e-03 1.709355886631472310e-03 1.716213504250267349e-02 3.721853478268073029e-02 6.015041151085046001e-02 8.381527974345845400e-02 1.058733245027597414e-01 1.240356352396402989e-01 1.363173685009661240e-01 1.412678603045591785e-01 1.381510789899855485e-01 1.270542163837698191e-01 1.089092994605101034e-01 8.542179021333340394e-02 5.891029767535942152e-02 3.207166103833444804e-02 7.694638515490570541e-03 -1.164780561757579845e-02 -2.389394027250688751e-02 -2.774269885869278668e-02 -2.282710126306448234e-02 -9.788938069485600066e-03 9.757858898710088449e-03 3.337571754669469565e-02 5.805174159860859717e-02 8.052196885235152202e-02 9.763804686384677800e-02 1.067364999540629661e-01 1.059686730013654765e-01 9.455198974406173185e-02 7.291028126898124739e-02 4.268203163523660859e-02 6.589385289320500404e-03 -3.182377823728865796e-02 -6.856114772667587509e-02 -9.961379852626489617e-02 -1.214238852790856388e-01 -1.313205911148975225e-01 -1.278773247044803774e-01 -1.111455494248583947e-01 -8.273236075206026607e-02 -4.570493377947126845e-02 -4.323647255813295801e-03 3.637491726484899657e-02 7.110594593522638618e-02 9.492173972364034706e-02 1.037917128852197113e-01 9.511176755181269260e-02 6.808240069953698514e-02 2.390653637598725081e-02 -3.422425060950994025e-02 -1.013644321259491859e-01 -1.712553424365766686e-01 -2.369336921632281823e-01 -2.914488987411655851e-01 -3.286154730944318980e-01 -3.437193235089492926e-01 -3.340981264460425315e-01 -2.995261246499822394e-01 -2.423521162429497500e-01 -1.673643187708486468e-01 -8.138475115108667612e-02 7.374265941132264641e-03 9.013122236312652580e-02 1.584516749702496730e-01 2.051631600570334724e-01 2.251683528958274283e-01 2.160631211290344744e-01 1.784838418164539364e-01 1.161352291461823644e-01 3.548334937148037160e-02 -5.486496617231815393e-02 -1.450394052229131425e-01 -2.249524208410133563e-01 -2.854043921884687474e-01 -3.191267174910473181e-01 -3.216440097948976007e-01 -2.918521245487573079e-01 -2.322365402649335109e-01 -1.486930439980528040e-01 -4.995595093565676631e-02 5.331640228678317939e-02 1.497083636624019498e-01 2.283430359618440764e-01 2.801650584303861380e-01 2.990629062170280239e-01 2.826954370910981784e-01 2.329151903247980993e-01 1.557221433224590112e-01 6.073220812484825260e-02 -3.980058820068653469e-02 -1.323165406710369030e-01 -2.035008273990626670e-01 -2.418842991193809189e-01 -2.393127680815139435e-01 -1.921091895989968934e-01 -1.017794583120885388e-01 2.484293884761859875e-02 1.760596189967620628e-01 3.363569059887037693e-01 4.879542773166494207e-01 6.127025767318408089e-01 6.941356898460484537e-01 7.194519280431838082e-01 6.811977292666726580e-01 5.784480237718200302e-01 4.173235165530175261e-01 2.107512263846752221e-01 -2.254553607275656957e-02 -2.597562471920122351e-01 -4.762382817316890837e-01 -6.480966041667001187e-01 -7.548195175129625012e-01 -7.816825005747534139e-01 -7.216438141152551333e-01 -5.764984645250901263e-01 -3.571279611676173027e-01 -8.277550105347694642e-02 2.206195124452370038e-01 5.228884073428998747e-01 7.926677598678573133e-01 1.000694588973250809e+00 1.123013041253300148e+00 1.143737908735305675e+00 1.057053913471027728e+00 8.682003375716369487e-01 5.932920458845513112e-01 2.579502974686902483e-01 -1.051527409382727180e-01 -4.596073652055708836e-01 -7.691048243976037480e-01 -1.001396476120189227e+00 -1.131939519929337168e+00 -1.146812765075977625e+00 -1.044550666470429601e+00 -8.366506526933449317e-01 -5.466474183018842359e-01 -2.078041936584559823e-01 1.403717288299566879e-01 4.564413479371661198e-01 7.017189223054665081e-01 8.448135802367419123e-01 8.655064297869957679e-01 7.574954093600523297e-01 5.296486017755446252e-01 2.055605233195202663e-01 -1.786103365724630576e-01 -5.778500993473927316e-01 -9.431880958894198752e-01 -1.227277949212160157e+00 -1.390052796254226619e+00 -1.403809782108405679e+00 -1.257113799618485350e+00 -9.570160010238276671e-01 -5.292502335908019218e-01 -1.628421514642475199e-02 5.266599914212399813e-01 1.037265513213751156e+00 1.452901702708924825e+00 1.717813424108130205e+00 1.789923627363001257e+00 1.646458228501655796e+00 1.287695621687749314e+00 7.383195410779821444e-01 4.609760330933335842e-02 -7.221054649220962629e-01 -1.486671303007370826e+00 -2.163339939589882466e+00 -2.672275015744717486e+00 -2.947119966839587768e+00 -2.943036577156779909e+00 -2.642781467274263552e+00 -2.060048746845006384e+00 -1.239574065213778775e+00 -2.538312079472460625e-01 8.034770775731842063e-01 1.826566942917784653e+00 2.708473646600189966e+00 3.352582406023880690e+00 3.683546819191642285e+00 3.656363150704890153e+00 3.262517660753048165e+00 2.532400190632048353e+00 1.533555369424351333e+00 3.647855036093597958e-01 -8.534200181533441176e-01
