# Tue Jun 29 10:33:59 2021
# Spin blind formalism, bias turned on
# Inputs:
# - Num. leads = (2, 2)
# - Num. impurity sites = 5
# - nelecs = (9, 0)
# - V_leads = 1.0
# - V_imp_leads = 0.4
# - V_bias = -0.005
# - D = 0.5
# - E = 0.1
# - alpha = 0.01
# - U = 1.0
# - E/U = 0.1
# - alpha/D = 0.02
# - alpha/(E^2/U) = 0.9999999999999998
# - alpha^2/(E^2/U) = 0.009999999999999998
0.000000000000000000e+00 1.000000000000000056e-01 2.000000000000000111e-01 3.000000000000000444e-01 4.000000000000000222e-01 5.000000000000000000e-01 6.000000000000000888e-01 7.000000000000000666e-01 8.000000000000000444e-01 9.000000000000000222e-01 1.000000000000000000e+00 1.100000000000000089e+00 1.200000000000000178e+00 1.300000000000000044e+00 1.400000000000000133e+00 1.500000000000000000e+00 1.600000000000000089e+00 1.700000000000000178e+00 1.800000000000000044e+00 1.900000000000000133e+00 2.000000000000000000e+00 2.100000000000000089e+00 2.200000000000000178e+00 2.300000000000000266e+00 2.400000000000000355e+00 2.500000000000000000e+00 2.600000000000000089e+00 2.700000000000000178e+00 2.800000000000000266e+00 2.900000000000000355e+00 3.000000000000000000e+00 3.100000000000000089e+00 3.200000000000000178e+00 3.300000000000000266e+00 3.400000000000000355e+00 3.500000000000000000e+00 3.600000000000000089e+00 3.700000000000000178e+00 3.800000000000000266e+00 3.900000000000000355e+00 4.000000000000000000e+00 4.100000000000000533e+00 4.200000000000000178e+00 4.299999999999999822e+00 4.400000000000000355e+00 4.500000000000000000e+00 4.600000000000000533e+00 4.700000000000000178e+00 4.800000000000000711e+00 4.900000000000000355e+00 5.000000000000000000e+00 5.100000000000000533e+00 5.200000000000000178e+00 5.300000000000000711e+00 5.400000000000000355e+00 5.500000000000000000e+00 5.600000000000000533e+00 5.700000000000000178e+00 5.800000000000000711e+00 5.900000000000000355e+00 6.000000000000000000e+00 6.100000000000000533e+00 6.200000000000000178e+00 6.300000000000000711e+00 6.400000000000000355e+00 6.500000000000000000e+00 6.600000000000000533e+00 6.700000000000000178e+00 6.800000000000000711e+00 6.900000000000000355e+00 7.000000000000000000e+00 7.100000000000000533e+00 7.200000000000000178e+00 7.300000000000000711e+00 7.400000000000000355e+00 7.500000000000000000e+00 7.600000000000000533e+00 7.700000000000000178e+00 7.800000000000000711e+00 7.900000000000000355e+00 8.000000000000000000e+00 8.099999999999999645e+00 8.200000000000001066e+00 8.300000000000000711e+00 8.400000000000000355e+00 8.500000000000000000e+00 8.599999999999999645e+00 8.700000000000001066e+00 8.800000000000000711e+00 8.900000000000000355e+00 9.000000000000000000e+00 9.099999999999999645e+00 9.200000000000001066e+00 9.300000000000000711e+00 9.400000000000000355e+00 9.500000000000000000e+00 9.600000000000001421e+00 9.700000000000001066e+00 9.800000000000000711e+00 9.900000000000000355e+00 1.000000000000000000e+01
0.000000000000000000e+00 -7.249507233685908991e-01 -1.526784942913320231e+00 -2.468874270093141199e+00 -3.589590916332514592e+00 -4.894247583732858509e+00 -6.351762465007376512e+00 -7.896553390042837073e+00 -9.435449823264834279e+00 -1.085874287414944916e+01 -1.205396275826001684e+01 -1.292064357427953247e+01 -1.338423439590241948e+01 -1.340743565342741483e+01 -1.299754551113781353e+01 -1.220884290890576374e+01 -1.113956072975354239e+01 -9.923568643442500559e+00 -8.717451432671509792e+00 -7.684196740862226704e+00 -6.975151348016869868e+00 -6.712212473798753187e+00 -6.972330516532267097e+00 -7.776261834034913889e+00 -9.083103646435096934e+00 -1.079149355957452094e+01 -1.274754269059118528e+01 -1.475871711690388821e+01 -1.661212940441399510e+01 -1.809517686011910342e+01 -1.901624466123583090e+01 -1.922329212579802160e+01 -1.861850568253815297e+01 -1.716773501052209738e+01 -1.490402086376185409e+01 -1.192508739598272349e+01 -8.385162775425953896e+00 -4.481905302493530918e+00 -4.395671699962303003e-01 3.510160218679791999e+00 7.147918059934434076e+00 1.028520996823022315e+01 1.277983906520635848e+01 1.454663589849536898e+01 1.556234158129618983e+01 1.586419750023098096e+01 1.554258364524771530e+01 1.472880030960926590e+01 1.357966041351888720e+01 1.226085075591139883e+01 1.093099806251863804e+01 9.728081872318751877e+00 8.759367566689460816e+00 8.095504080578042050e+00 7.768937667122354007e+00 7.776387091447392486e+00 8.084811030087951877e+00 8.640049535403873548e+00 9.377111098305370263e+00 1.023090231282124840e+01 1.114609035563765893e+01 1.208480605371803129e+01 1.303109198472266250e+01 1.399139743136182901e+01 1.499098660460277088e+01 1.606676793118696978e+01 1.725764365337797202e+01 1.859389384200885331e+01 2.008725913392379070e+01 2.172324900820456861e+01 2.345682357070226942e+01 2.521207388981142117e+01 2.688597343856343258e+01 2.835578742339740543e+01 2.948936166176860851e+01 3.015727507673599916e+01 3.024570385534706674e+01 2.966877732061330875e+01 2.837918860025045475e+01 2.637586902210954776e+01 2.370767947445833457e+01 2.047235460842246724e+01 1.681037520101277494e+01 1.289401701224485208e+01 8.912460285344090849e+00 5.054436279206498739e+00 1.490320013104886376e+00 -1.644242319085883697e+00 -4.261203443812737746e+00 -6.327921982044958149e+00 -7.868971063565598278e+00 -8.961752391104221616e+00 -9.726457314176354174e+00 -1.031155186832489967e+01 -1.087642488585078304e+01 -1.157309188230137487e+01 -1.252888865347850000e+01 -1.383193561732148247e+01 -1.552083729566855475e+01 -1.757963675765257960e+01 -1.993851119687325735e+01
