# Sat Jul 10 12:18:58 2021
# Spin blind formalism, bias turned off, lead sites decoupled
# Inputs:
# - Num. leads = (2, 2)
# - Num. impurity sites = 1
# - nelecs = (5, 0)
# - V_leads = 1.0
# - V_imp_leads = 1.0
# - V_bias = -0.005
# - mu = 0.0
# - V_gate = 0.0
# - U = 0.0
0.000000000000000000e+00 1.000000000000000021e-02 2.000000000000000042e-02 2.999999999999999889e-02 4.000000000000000083e-02 5.000000000000000278e-02 5.999999999999999778e-02 7.000000000000000666e-02 8.000000000000000167e-02 8.999999999999999667e-02 1.000000000000000056e-01 1.100000000000000006e-01 1.199999999999999956e-01 1.300000000000000044e-01 1.400000000000000133e-01 1.499999999999999944e-01 1.600000000000000033e-01 1.700000000000000122e-01 1.799999999999999933e-01 1.900000000000000022e-01 2.000000000000000111e-01 2.099999999999999922e-01 2.200000000000000011e-01 2.300000000000000100e-01 2.399999999999999911e-01 2.500000000000000000e-01 2.600000000000000089e-01 2.700000000000000178e-01 2.800000000000000266e-01 2.899999999999999800e-01 2.999999999999999889e-01 3.099999999999999978e-01 3.200000000000000067e-01 3.300000000000000155e-01 3.400000000000000244e-01 3.500000000000000333e-01 3.599999999999999867e-01 3.699999999999999956e-01 3.800000000000000044e-01 3.900000000000000133e-01 4.000000000000000222e-01 4.100000000000000311e-01 4.199999999999999845e-01 4.299999999999999933e-01 4.400000000000000022e-01 4.500000000000000111e-01 4.600000000000000200e-01 4.700000000000000289e-01 4.799999999999999822e-01 4.899999999999999911e-01 5.000000000000000000e-01 5.100000000000000089e-01 5.200000000000000178e-01 5.300000000000000266e-01 5.400000000000000355e-01 5.500000000000000444e-01 5.600000000000000533e-01 5.700000000000000622e-01 5.799999999999999600e-01 5.899999999999999689e-01 5.999999999999999778e-01 6.099999999999999867e-01 6.199999999999999956e-01 6.300000000000000044e-01 6.400000000000000133e-01 6.500000000000000222e-01 6.600000000000000311e-01 6.700000000000000400e-01 6.800000000000000488e-01 6.900000000000000577e-01 7.000000000000000666e-01 7.099999999999999645e-01 7.199999999999999734e-01 7.299999999999999822e-01 7.399999999999999911e-01 7.500000000000000000e-01 7.600000000000000089e-01 7.700000000000000178e-01 7.800000000000000266e-01 7.900000000000000355e-01 8.000000000000000444e-01 8.100000000000000533e-01 8.200000000000000622e-01 8.300000000000000711e-01 8.399999999999999689e-01 8.499999999999999778e-01 8.599999999999999867e-01 8.699999999999999956e-01 8.800000000000000044e-01 8.900000000000000133e-01 9.000000000000000222e-01 9.100000000000000311e-01 9.200000000000000400e-01 9.300000000000000488e-01 9.400000000000000577e-01 9.500000000000000666e-01 9.599999999999999645e-01 9.699999999999999734e-01 9.799999999999999822e-01 9.899999999999999911e-01 1.000000000000000000e+00 1.010000000000000009e+00 1.020000000000000018e+00 1.030000000000000027e+00 1.040000000000000036e+00 1.050000000000000044e+00 1.060000000000000053e+00 1.070000000000000062e+00 1.080000000000000071e+00 1.090000000000000080e+00 1.100000000000000089e+00 1.110000000000000098e+00 1.120000000000000107e+00 1.130000000000000115e+00 1.140000000000000124e+00 1.150000000000000133e+00 1.159999999999999920e+00 1.169999999999999929e+00 1.179999999999999938e+00 1.189999999999999947e+00 1.199999999999999956e+00 1.209999999999999964e+00 1.219999999999999973e+00 1.229999999999999982e+00 1.239999999999999991e+00 1.250000000000000000e+00 1.260000000000000009e+00 1.270000000000000018e+00 1.280000000000000027e+00 1.290000000000000036e+00 1.300000000000000044e+00 1.310000000000000053e+00 1.320000000000000062e+00 1.330000000000000071e+00 1.340000000000000080e+00 1.350000000000000089e+00 1.360000000000000098e+00 1.370000000000000107e+00 1.380000000000000115e+00 1.390000000000000124e+00 1.400000000000000133e+00 1.409999999999999920e+00 1.419999999999999929e+00 1.429999999999999938e+00 1.439999999999999947e+00 1.449999999999999956e+00 1.459999999999999964e+00 1.469999999999999973e+00 1.479999999999999982e+00 1.489999999999999991e+00 1.500000000000000000e+00 1.510000000000000009e+00 1.520000000000000018e+00 1.530000000000000027e+00 1.540000000000000036e+00 1.550000000000000044e+00 1.560000000000000053e+00 1.570000000000000062e+00 1.580000000000000071e+00 1.590000000000000080e+00 1.600000000000000089e+00 1.610000000000000098e+00 1.620000000000000107e+00 1.630000000000000115e+00 1.640000000000000124e+00 1.650000000000000133e+00 1.660000000000000142e+00 1.669999999999999929e+00 1.679999999999999938e+00 1.689999999999999947e+00 1.699999999999999956e+00 1.709999999999999964e+00 1.719999999999999973e+00 1.729999999999999982e+00 1.739999999999999991e+00 1.750000000000000000e+00 1.760000000000000009e+00 1.770000000000000018e+00 1.780000000000000027e+00 1.790000000000000036e+00 1.800000000000000044e+00 1.810000000000000053e+00 1.820000000000000062e+00 1.830000000000000071e+00 1.840000000000000080e+00 1.850000000000000089e+00 1.860000000000000098e+00 1.870000000000000107e+00 1.880000000000000115e+00 1.890000000000000124e+00 1.900000000000000133e+00 1.910000000000000142e+00 1.919999999999999929e+00 1.929999999999999938e+00 1.939999999999999947e+00 1.949999999999999956e+00 1.959999999999999964e+00 1.969999999999999973e+00 1.979999999999999982e+00 1.989999999999999991e+00 2.000000000000000000e+00 2.010000000000000231e+00 2.020000000000000018e+00 2.030000000000000249e+00 2.040000000000000036e+00 2.049999999999999822e+00 2.060000000000000053e+00 2.069999999999999840e+00 2.080000000000000071e+00 2.089999999999999858e+00 2.100000000000000089e+00 2.109999999999999876e+00 2.120000000000000107e+00 2.129999999999999893e+00 2.140000000000000124e+00 2.149999999999999911e+00 2.160000000000000142e+00 2.169999999999999929e+00 2.180000000000000160e+00 2.189999999999999947e+00 2.200000000000000178e+00 2.209999999999999964e+00 2.220000000000000195e+00 2.229999999999999982e+00 2.240000000000000213e+00 2.250000000000000000e+00 2.260000000000000231e+00 2.270000000000000018e+00 2.280000000000000249e+00 2.290000000000000036e+00 2.300000000000000266e+00 2.310000000000000053e+00 2.319999999999999840e+00 2.330000000000000071e+00 2.339999999999999858e+00 2.350000000000000089e+00 2.359999999999999876e+00 2.370000000000000107e+00 2.379999999999999893e+00 2.390000000000000124e+00 2.399999999999999911e+00 2.410000000000000142e+00 2.419999999999999929e+00 2.430000000000000160e+00 2.439999999999999947e+00 2.450000000000000178e+00 2.459999999999999964e+00 2.470000000000000195e+00 2.479999999999999982e+00 2.490000000000000213e+00 2.500000000000000000e+00 2.510000000000000231e+00 2.520000000000000018e+00 2.530000000000000249e+00 2.540000000000000036e+00 2.550000000000000266e+00 2.560000000000000053e+00 2.569999999999999840e+00 2.580000000000000071e+00 2.589999999999999858e+00 2.600000000000000089e+00 2.609999999999999876e+00 2.620000000000000107e+00 2.629999999999999893e+00 2.640000000000000124e+00 2.649999999999999911e+00 2.660000000000000142e+00 2.669999999999999929e+00 2.680000000000000160e+00 2.689999999999999947e+00 2.700000000000000178e+00 2.709999999999999964e+00 2.720000000000000195e+00 2.729999999999999982e+00 2.740000000000000213e+00 2.750000000000000000e+00 2.760000000000000231e+00 2.770000000000000018e+00 2.780000000000000249e+00 2.790000000000000036e+00 2.800000000000000266e+00 2.810000000000000053e+00 2.819999999999999840e+00 2.830000000000000071e+00 2.839999999999999858e+00 2.850000000000000089e+00 2.859999999999999876e+00 2.870000000000000107e+00 2.879999999999999893e+00 2.890000000000000124e+00 2.899999999999999911e+00 2.910000000000000142e+00 2.919999999999999929e+00 2.930000000000000160e+00 2.939999999999999947e+00 2.950000000000000178e+00 2.959999999999999964e+00 2.970000000000000195e+00 2.979999999999999982e+00 2.990000000000000213e+00 3.000000000000000000e+00 3.010000000000000231e+00 3.020000000000000018e+00 3.030000000000000249e+00 3.040000000000000036e+00 3.050000000000000266e+00 3.060000000000000053e+00 3.070000000000000284e+00 3.080000000000000071e+00 3.089999999999999858e+00 3.100000000000000089e+00 3.109999999999999876e+00 3.120000000000000107e+00 3.129999999999999893e+00 3.140000000000000124e+00 3.149999999999999911e+00 3.160000000000000142e+00 3.169999999999999929e+00 3.180000000000000160e+00 3.189999999999999947e+00 3.200000000000000178e+00 3.209999999999999964e+00 3.220000000000000195e+00 3.229999999999999982e+00 3.240000000000000213e+00 3.250000000000000000e+00 3.260000000000000231e+00 3.270000000000000018e+00 3.280000000000000249e+00 3.290000000000000036e+00 3.300000000000000266e+00 3.310000000000000053e+00 3.320000000000000284e+00 3.330000000000000071e+00 3.339999999999999858e+00 3.350000000000000089e+00 3.359999999999999876e+00 3.370000000000000107e+00 3.379999999999999893e+00 3.390000000000000124e+00 3.399999999999999911e+00 3.410000000000000142e+00 3.419999999999999929e+00 3.430000000000000160e+00 3.439999999999999947e+00 3.450000000000000178e+00 3.459999999999999964e+00 3.470000000000000195e+00 3.479999999999999982e+00 3.490000000000000213e+00 3.500000000000000000e+00 3.510000000000000231e+00 3.520000000000000018e+00 3.530000000000000249e+00 3.540000000000000036e+00 3.550000000000000266e+00 3.560000000000000053e+00 3.570000000000000284e+00 3.580000000000000071e+00 3.589999999999999858e+00 3.600000000000000089e+00 3.609999999999999876e+00 3.620000000000000107e+00 3.629999999999999893e+00 3.640000000000000124e+00 3.649999999999999911e+00 3.660000000000000142e+00 3.669999999999999929e+00 3.680000000000000160e+00 3.689999999999999947e+00 3.700000000000000178e+00 3.709999999999999964e+00 3.720000000000000195e+00 3.729999999999999982e+00 3.740000000000000213e+00 3.750000000000000000e+00 3.760000000000000231e+00 3.770000000000000018e+00 3.780000000000000249e+00 3.790000000000000036e+00 3.800000000000000266e+00 3.810000000000000053e+00 3.820000000000000284e+00 3.830000000000000071e+00 3.839999999999999858e+00 3.850000000000000089e+00 3.859999999999999876e+00 3.870000000000000107e+00 3.879999999999999893e+00 3.890000000000000124e+00 3.899999999999999911e+00 3.910000000000000142e+00 3.919999999999999929e+00 3.930000000000000160e+00 3.939999999999999947e+00 3.950000000000000178e+00 3.959999999999999964e+00 3.970000000000000195e+00 3.979999999999999982e+00 3.990000000000000213e+00 4.000000000000000000e+00 4.009999999999999787e+00 4.020000000000000462e+00 4.030000000000000249e+00 4.040000000000000036e+00 4.049999999999999822e+00 4.060000000000000497e+00 4.070000000000000284e+00 4.080000000000000071e+00 4.089999999999999858e+00 4.099999999999999645e+00 4.110000000000000320e+00 4.120000000000000107e+00 4.129999999999999893e+00 4.139999999999999680e+00 4.150000000000000355e+00 4.160000000000000142e+00 4.169999999999999929e+00 4.179999999999999716e+00 4.190000000000000391e+00 4.200000000000000178e+00 4.209999999999999964e+00 4.219999999999999751e+00 4.230000000000000426e+00 4.240000000000000213e+00 4.250000000000000000e+00 4.259999999999999787e+00 4.270000000000000462e+00 4.280000000000000249e+00 4.290000000000000036e+00 4.299999999999999822e+00 4.310000000000000497e+00 4.320000000000000284e+00 4.330000000000000071e+00 4.339999999999999858e+00 4.350000000000000533e+00 4.360000000000000320e+00 4.370000000000000107e+00 4.379999999999999893e+00 4.389999999999999680e+00 4.400000000000000355e+00 4.410000000000000142e+00 4.419999999999999929e+00 4.429999999999999716e+00 4.440000000000000391e+00 4.450000000000000178e+00 4.459999999999999964e+00 4.469999999999999751e+00 4.480000000000000426e+00 4.490000000000000213e+00 4.500000000000000000e+00 4.509999999999999787e+00 4.520000000000000462e+00 4.530000000000000249e+00 4.540000000000000036e+00 4.549999999999999822e+00 4.560000000000000497e+00 4.570000000000000284e+00 4.580000000000000071e+00 4.589999999999999858e+00 4.600000000000000533e+00 4.610000000000000320e+00 4.620000000000000107e+00 4.629999999999999893e+00 4.639999999999999680e+00 4.650000000000000355e+00 4.660000000000000142e+00 4.669999999999999929e+00 4.679999999999999716e+00 4.690000000000000391e+00 4.700000000000000178e+00 4.709999999999999964e+00 4.719999999999999751e+00 4.730000000000000426e+00 4.740000000000000213e+00 4.750000000000000000e+00 4.759999999999999787e+00 4.770000000000000462e+00 4.780000000000000249e+00 4.790000000000000036e+00 4.799999999999999822e+00 4.810000000000000497e+00 4.820000000000000284e+00 4.830000000000000071e+00 4.839999999999999858e+00 4.850000000000000533e+00 4.860000000000000320e+00 4.870000000000000107e+00 4.879999999999999893e+00 4.889999999999999680e+00 4.900000000000000355e+00 4.910000000000000142e+00 4.919999999999999929e+00 4.929999999999999716e+00 4.940000000000000391e+00 4.950000000000000178e+00 4.959999999999999964e+00 4.969999999999999751e+00 4.980000000000000426e+00 4.990000000000000213e+00 5.000000000000000000e+00 5.009999999999999787e+00 5.020000000000000462e+00 5.030000000000000249e+00 5.040000000000000036e+00 5.049999999999999822e+00 5.060000000000000497e+00 5.070000000000000284e+00 5.080000000000000071e+00 5.089999999999999858e+00 5.100000000000000533e+00 5.110000000000000320e+00 5.120000000000000107e+00 5.129999999999999893e+00 5.139999999999999680e+00 5.150000000000000355e+00 5.160000000000000142e+00 5.169999999999999929e+00 5.179999999999999716e+00 5.190000000000000391e+00 5.200000000000000178e+00 5.209999999999999964e+00 5.219999999999999751e+00 5.230000000000000426e+00 5.240000000000000213e+00 5.250000000000000000e+00 5.259999999999999787e+00 5.270000000000000462e+00 5.280000000000000249e+00 5.290000000000000036e+00 5.299999999999999822e+00 5.310000000000000497e+00 5.320000000000000284e+00 5.330000000000000071e+00 5.339999999999999858e+00 5.350000000000000533e+00 5.360000000000000320e+00 5.370000000000000107e+00 5.379999999999999893e+00 5.389999999999999680e+00 5.400000000000000355e+00 5.410000000000000142e+00 5.419999999999999929e+00 5.429999999999999716e+00 5.440000000000000391e+00 5.450000000000000178e+00 5.459999999999999964e+00 5.469999999999999751e+00 5.480000000000000426e+00 5.490000000000000213e+00 5.500000000000000000e+00 5.509999999999999787e+00 5.520000000000000462e+00 5.530000000000000249e+00 5.540000000000000036e+00 5.549999999999999822e+00 5.560000000000000497e+00 5.570000000000000284e+00 5.580000000000000071e+00 5.589999999999999858e+00 5.600000000000000533e+00 5.610000000000000320e+00 5.620000000000000107e+00 5.629999999999999893e+00 5.639999999999999680e+00 5.650000000000000355e+00 5.660000000000000142e+00 5.669999999999999929e+00 5.679999999999999716e+00 5.690000000000000391e+00 5.700000000000000178e+00 5.709999999999999964e+00 5.719999999999999751e+00 5.730000000000000426e+00 5.740000000000000213e+00 5.750000000000000000e+00 5.759999999999999787e+00 5.770000000000000462e+00 5.780000000000000249e+00 5.790000000000000036e+00 5.799999999999999822e+00 5.810000000000000497e+00 5.820000000000000284e+00 5.830000000000000071e+00 5.839999999999999858e+00 5.850000000000000533e+00 5.860000000000000320e+00 5.870000000000000107e+00 5.879999999999999893e+00 5.889999999999999680e+00 5.900000000000000355e+00 5.910000000000000142e+00 5.919999999999999929e+00 5.929999999999999716e+00 5.940000000000000391e+00 5.950000000000000178e+00 5.959999999999999964e+00 5.969999999999999751e+00 5.980000000000000426e+00 5.990000000000000213e+00 6.000000000000000000e+00 6.009999999999999787e+00 6.020000000000000462e+00 6.030000000000000249e+00 6.040000000000000036e+00 6.049999999999999822e+00 6.060000000000000497e+00 6.070000000000000284e+00 6.080000000000000071e+00 6.089999999999999858e+00 6.100000000000000533e+00 6.110000000000000320e+00 6.120000000000000107e+00 6.129999999999999893e+00 6.140000000000000568e+00 6.150000000000000355e+00 6.160000000000000142e+00 6.169999999999999929e+00 6.179999999999999716e+00 6.190000000000000391e+00 6.200000000000000178e+00 6.209999999999999964e+00 6.219999999999999751e+00 6.230000000000000426e+00 6.240000000000000213e+00 6.250000000000000000e+00 6.259999999999999787e+00 6.270000000000000462e+00 6.280000000000000249e+00 6.290000000000000036e+00 6.299999999999999822e+00 6.310000000000000497e+00 6.320000000000000284e+00 6.330000000000000071e+00 6.339999999999999858e+00 6.350000000000000533e+00 6.360000000000000320e+00 6.370000000000000107e+00 6.379999999999999893e+00 6.390000000000000568e+00 6.400000000000000355e+00 6.410000000000000142e+00 6.419999999999999929e+00 6.429999999999999716e+00 6.440000000000000391e+00 6.450000000000000178e+00 6.459999999999999964e+00 6.469999999999999751e+00 6.480000000000000426e+00 6.490000000000000213e+00 6.500000000000000000e+00 6.509999999999999787e+00 6.520000000000000462e+00 6.530000000000000249e+00 6.540000000000000036e+00 6.549999999999999822e+00 6.560000000000000497e+00 6.570000000000000284e+00 6.580000000000000071e+00 6.589999999999999858e+00 6.600000000000000533e+00 6.610000000000000320e+00 6.620000000000000107e+00 6.629999999999999893e+00 6.640000000000000568e+00 6.650000000000000355e+00 6.660000000000000142e+00 6.669999999999999929e+00 6.679999999999999716e+00 6.690000000000000391e+00 6.700000000000000178e+00 6.709999999999999964e+00 6.719999999999999751e+00 6.730000000000000426e+00 6.740000000000000213e+00 6.750000000000000000e+00 6.759999999999999787e+00 6.770000000000000462e+00 6.780000000000000249e+00 6.790000000000000036e+00 6.799999999999999822e+00 6.810000000000000497e+00 6.820000000000000284e+00 6.830000000000000071e+00 6.839999999999999858e+00 6.850000000000000533e+00 6.860000000000000320e+00 6.870000000000000107e+00 6.879999999999999893e+00 6.890000000000000568e+00 6.900000000000000355e+00 6.910000000000000142e+00 6.919999999999999929e+00 6.929999999999999716e+00 6.940000000000000391e+00 6.950000000000000178e+00 6.959999999999999964e+00 6.969999999999999751e+00 6.980000000000000426e+00 6.990000000000000213e+00 7.000000000000000000e+00 7.009999999999999787e+00 7.020000000000000462e+00 7.030000000000000249e+00 7.040000000000000036e+00 7.049999999999999822e+00 7.060000000000000497e+00 7.070000000000000284e+00 7.080000000000000071e+00 7.089999999999999858e+00 7.100000000000000533e+00 7.110000000000000320e+00 7.120000000000000107e+00 7.129999999999999893e+00 7.140000000000000568e+00 7.150000000000000355e+00 7.160000000000000142e+00 7.169999999999999929e+00 7.179999999999999716e+00 7.190000000000000391e+00 7.200000000000000178e+00 7.209999999999999964e+00 7.219999999999999751e+00 7.230000000000000426e+00 7.240000000000000213e+00 7.250000000000000000e+00 7.259999999999999787e+00 7.270000000000000462e+00 7.280000000000000249e+00 7.290000000000000036e+00 7.299999999999999822e+00 7.310000000000000497e+00 7.320000000000000284e+00 7.330000000000000071e+00 7.339999999999999858e+00 7.350000000000000533e+00 7.360000000000000320e+00 7.370000000000000107e+00 7.379999999999999893e+00 7.390000000000000568e+00 7.400000000000000355e+00 7.410000000000000142e+00 7.419999999999999929e+00 7.429999999999999716e+00 7.440000000000000391e+00 7.450000000000000178e+00 7.459999999999999964e+00 7.469999999999999751e+00 7.480000000000000426e+00 7.490000000000000213e+00 7.500000000000000000e+00 7.509999999999999787e+00 7.520000000000000462e+00 7.530000000000000249e+00 7.540000000000000036e+00 7.549999999999999822e+00 7.560000000000000497e+00 7.570000000000000284e+00 7.580000000000000071e+00 7.589999999999999858e+00 7.600000000000000533e+00 7.610000000000000320e+00 7.620000000000000107e+00 7.629999999999999893e+00 7.640000000000000568e+00 7.650000000000000355e+00 7.660000000000000142e+00 7.669999999999999929e+00 7.679999999999999716e+00 7.690000000000000391e+00 7.700000000000000178e+00 7.709999999999999964e+00 7.719999999999999751e+00 7.730000000000000426e+00 7.740000000000000213e+00 7.750000000000000000e+00 7.759999999999999787e+00 7.770000000000000462e+00 7.780000000000000249e+00 7.790000000000000036e+00 7.799999999999999822e+00 7.810000000000000497e+00 7.820000000000000284e+00 7.830000000000000071e+00 7.839999999999999858e+00 7.850000000000000533e+00 7.860000000000000320e+00 7.870000000000000107e+00 7.879999999999999893e+00 7.890000000000000568e+00 7.900000000000000355e+00 7.910000000000000142e+00 7.919999999999999929e+00 7.930000000000000604e+00 7.940000000000000391e+00 7.950000000000000178e+00 7.959999999999999964e+00 7.969999999999999751e+00 7.980000000000000426e+00 7.990000000000000213e+00 8.000000000000000000e+00 8.009999999999999787e+00 8.019999999999999574e+00 8.029999999999999361e+00 8.040000000000000924e+00 8.050000000000000711e+00 8.060000000000000497e+00 8.070000000000000284e+00 8.080000000000000071e+00 8.089999999999999858e+00 8.099999999999999645e+00 8.109999999999999432e+00 8.120000000000000995e+00 8.130000000000000782e+00 8.140000000000000568e+00 8.150000000000000355e+00 8.160000000000000142e+00 8.169999999999999929e+00 8.179999999999999716e+00 8.189999999999999503e+00 8.199999999999999289e+00 8.210000000000000853e+00 8.220000000000000639e+00 8.230000000000000426e+00 8.240000000000000213e+00 8.250000000000000000e+00 8.259999999999999787e+00 8.269999999999999574e+00 8.279999999999999361e+00 8.290000000000000924e+00 8.300000000000000711e+00 8.310000000000000497e+00 8.320000000000000284e+00 8.330000000000000071e+00 8.339999999999999858e+00 8.349999999999999645e+00 8.359999999999999432e+00 8.370000000000000995e+00 8.380000000000000782e+00 8.390000000000000568e+00 8.400000000000000355e+00 8.410000000000000142e+00 8.419999999999999929e+00 8.429999999999999716e+00 8.439999999999999503e+00 8.449999999999999289e+00 8.460000000000000853e+00 8.470000000000000639e+00 8.480000000000000426e+00 8.490000000000000213e+00 8.500000000000000000e+00 8.509999999999999787e+00 8.519999999999999574e+00 8.529999999999999361e+00 8.540000000000000924e+00 8.550000000000000711e+00 8.560000000000000497e+00 8.570000000000000284e+00 8.580000000000000071e+00 8.589999999999999858e+00 8.599999999999999645e+00 8.609999999999999432e+00 8.620000000000000995e+00 8.630000000000000782e+00 8.640000000000000568e+00 8.650000000000000355e+00 8.660000000000000142e+00 8.669999999999999929e+00 8.679999999999999716e+00 8.689999999999999503e+00 8.700000000000001066e+00 8.710000000000000853e+00 8.720000000000000639e+00 8.730000000000000426e+00 8.740000000000000213e+00 8.750000000000000000e+00 8.759999999999999787e+00 8.769999999999999574e+00 8.779999999999999361e+00 8.790000000000000924e+00 8.800000000000000711e+00 8.810000000000000497e+00 8.820000000000000284e+00 8.830000000000000071e+00 8.839999999999999858e+00 8.849999999999999645e+00 8.859999999999999432e+00 8.870000000000000995e+00 8.880000000000000782e+00 8.890000000000000568e+00 8.900000000000000355e+00 8.910000000000000142e+00 8.919999999999999929e+00 8.929999999999999716e+00 8.939999999999999503e+00 8.950000000000001066e+00 8.960000000000000853e+00 8.970000000000000639e+00 8.980000000000000426e+00 8.990000000000000213e+00 9.000000000000000000e+00 9.009999999999999787e+00 9.019999999999999574e+00 9.029999999999999361e+00 9.040000000000000924e+00 9.050000000000000711e+00 9.060000000000000497e+00 9.070000000000000284e+00 9.080000000000000071e+00 9.089999999999999858e+00 9.099999999999999645e+00 9.109999999999999432e+00 9.120000000000000995e+00 9.130000000000000782e+00 9.140000000000000568e+00 9.150000000000000355e+00 9.160000000000000142e+00 9.169999999999999929e+00 9.179999999999999716e+00 9.189999999999999503e+00 9.200000000000001066e+00 9.210000000000000853e+00 9.220000000000000639e+00 9.230000000000000426e+00 9.240000000000000213e+00 9.250000000000000000e+00 9.259999999999999787e+00 9.269999999999999574e+00 9.279999999999999361e+00 9.290000000000000924e+00 9.300000000000000711e+00 9.310000000000000497e+00 9.320000000000000284e+00 9.330000000000000071e+00 9.339999999999999858e+00 9.349999999999999645e+00 9.359999999999999432e+00 9.370000000000000995e+00 9.380000000000000782e+00 9.390000000000000568e+00 9.400000000000000355e+00 9.410000000000000142e+00 9.419999999999999929e+00 9.429999999999999716e+00 9.439999999999999503e+00 9.450000000000001066e+00 9.460000000000000853e+00 9.470000000000000639e+00 9.480000000000000426e+00 9.490000000000000213e+00 9.500000000000000000e+00 9.509999999999999787e+00 9.519999999999999574e+00 9.529999999999999361e+00 9.540000000000000924e+00 9.550000000000000711e+00 9.560000000000000497e+00 9.570000000000000284e+00 9.580000000000000071e+00 9.589999999999999858e+00 9.599999999999999645e+00 9.609999999999999432e+00 9.620000000000000995e+00 9.630000000000000782e+00 9.640000000000000568e+00 9.650000000000000355e+00 9.660000000000000142e+00 9.669999999999999929e+00 9.679999999999999716e+00 9.689999999999999503e+00 9.700000000000001066e+00 9.710000000000000853e+00 9.720000000000000639e+00 9.730000000000000426e+00 9.740000000000000213e+00 9.750000000000000000e+00 9.759999999999999787e+00 9.769999999999999574e+00 9.779999999999999361e+00 9.790000000000000924e+00 9.800000000000000711e+00 9.810000000000000497e+00 9.820000000000000284e+00 9.830000000000000071e+00 9.839999999999999858e+00 9.849999999999999645e+00 9.859999999999999432e+00 9.870000000000000995e+00 9.880000000000000782e+00 9.890000000000000568e+00 9.900000000000000355e+00 9.910000000000000142e+00 9.919999999999999929e+00 9.929999999999999716e+00 9.939999999999999503e+00 9.950000000000001066e+00 9.960000000000000853e+00 9.970000000000000639e+00 9.980000000000000426e+00 9.990000000000000213e+00 1.000000000000000000e+01 1.000999999999999979e+01 1.001999999999999957e+01 1.002999999999999936e+01 1.004000000000000092e+01 1.005000000000000071e+01 1.006000000000000050e+01 1.007000000000000028e+01 1.008000000000000007e+01 1.008999999999999986e+01 1.009999999999999964e+01 1.010999999999999943e+01 1.012000000000000099e+01 1.013000000000000078e+01 1.014000000000000057e+01 1.015000000000000036e+01 1.016000000000000014e+01 1.016999999999999993e+01 1.017999999999999972e+01 1.018999999999999950e+01 1.020000000000000107e+01 1.021000000000000085e+01 1.022000000000000064e+01 1.023000000000000043e+01 1.024000000000000021e+01 1.025000000000000000e+01 1.025999999999999979e+01 1.026999999999999957e+01 1.027999999999999936e+01 1.029000000000000092e+01 1.030000000000000071e+01 1.031000000000000050e+01 1.032000000000000028e+01 1.033000000000000007e+01 1.033999999999999986e+01 1.034999999999999964e+01 1.035999999999999943e+01 1.037000000000000099e+01 1.038000000000000078e+01 1.039000000000000057e+01 1.040000000000000036e+01 1.041000000000000014e+01 1.041999999999999993e+01 1.042999999999999972e+01 1.043999999999999950e+01 1.045000000000000107e+01 1.046000000000000085e+01 1.047000000000000064e+01 1.048000000000000043e+01 1.049000000000000021e+01 1.050000000000000000e+01 1.050999999999999979e+01 1.051999999999999957e+01 1.052999999999999936e+01 1.054000000000000092e+01 1.055000000000000071e+01 1.056000000000000050e+01 1.057000000000000028e+01 1.058000000000000007e+01 1.058999999999999986e+01 1.059999999999999964e+01 1.060999999999999943e+01 1.062000000000000099e+01 1.063000000000000078e+01 1.064000000000000057e+01 1.065000000000000036e+01 1.066000000000000014e+01 1.066999999999999993e+01 1.067999999999999972e+01 1.068999999999999950e+01 1.070000000000000107e+01 1.071000000000000085e+01 1.072000000000000064e+01 1.073000000000000043e+01 1.074000000000000021e+01 1.075000000000000000e+01 1.075999999999999979e+01 1.076999999999999957e+01 1.077999999999999936e+01 1.079000000000000092e+01 1.080000000000000071e+01 1.081000000000000050e+01 1.082000000000000028e+01 1.083000000000000007e+01 1.083999999999999986e+01 1.084999999999999964e+01 1.085999999999999943e+01 1.087000000000000099e+01 1.088000000000000078e+01 1.089000000000000057e+01 1.090000000000000036e+01 1.091000000000000014e+01 1.091999999999999993e+01 1.092999999999999972e+01 1.093999999999999950e+01 1.095000000000000107e+01 1.096000000000000085e+01 1.097000000000000064e+01 1.098000000000000043e+01 1.099000000000000021e+01 1.100000000000000000e+01 1.100999999999999979e+01 1.101999999999999957e+01 1.102999999999999936e+01 1.104000000000000092e+01 1.105000000000000071e+01 1.106000000000000050e+01 1.107000000000000028e+01 1.108000000000000007e+01 1.108999999999999986e+01 1.109999999999999964e+01 1.110999999999999943e+01 1.112000000000000099e+01 1.113000000000000078e+01 1.114000000000000057e+01 1.115000000000000036e+01 1.116000000000000014e+01 1.116999999999999993e+01 1.117999999999999972e+01 1.118999999999999950e+01 1.120000000000000107e+01 1.121000000000000085e+01 1.122000000000000064e+01 1.123000000000000043e+01 1.124000000000000021e+01 1.125000000000000000e+01 1.125999999999999979e+01 1.126999999999999957e+01 1.127999999999999936e+01 1.129000000000000092e+01 1.130000000000000071e+01 1.131000000000000050e+01 1.132000000000000028e+01 1.133000000000000007e+01 1.133999999999999986e+01 1.134999999999999964e+01 1.135999999999999943e+01 1.137000000000000099e+01 1.138000000000000078e+01 1.139000000000000057e+01 1.140000000000000036e+01 1.141000000000000014e+01 1.141999999999999993e+01 1.142999999999999972e+01 1.143999999999999950e+01 1.145000000000000107e+01 1.146000000000000085e+01 1.147000000000000064e+01 1.148000000000000043e+01 1.149000000000000021e+01 1.150000000000000000e+01 1.150999999999999979e+01 1.151999999999999957e+01 1.152999999999999936e+01 1.154000000000000092e+01 1.155000000000000071e+01 1.156000000000000050e+01 1.157000000000000028e+01 1.158000000000000007e+01 1.158999999999999986e+01 1.159999999999999964e+01 1.160999999999999943e+01 1.162000000000000099e+01 1.163000000000000078e+01 1.164000000000000057e+01 1.165000000000000036e+01 1.166000000000000014e+01 1.166999999999999993e+01 1.167999999999999972e+01 1.168999999999999950e+01 1.170000000000000107e+01 1.171000000000000085e+01 1.172000000000000064e+01 1.173000000000000043e+01 1.174000000000000021e+01 1.175000000000000000e+01 1.175999999999999979e+01 1.176999999999999957e+01 1.177999999999999936e+01 1.179000000000000092e+01 1.180000000000000071e+01 1.181000000000000050e+01 1.182000000000000028e+01 1.183000000000000007e+01 1.183999999999999986e+01 1.184999999999999964e+01 1.185999999999999943e+01 1.187000000000000099e+01 1.188000000000000078e+01 1.189000000000000057e+01 1.190000000000000036e+01 1.191000000000000014e+01 1.191999999999999993e+01 1.192999999999999972e+01 1.193999999999999950e+01 1.195000000000000107e+01 1.196000000000000085e+01 1.197000000000000064e+01 1.198000000000000043e+01 1.199000000000000021e+01 1.200000000000000000e+01
0.000000000000000000e+00 1.813686251989799977e-02 3.626695693748236554e-02 5.438351952083530366e-02 7.247979528409093097e-02 9.054904235247192290e-02 1.085845363177433687e-01 1.265795745809012163e-01 1.445274806789207389e-01 1.624216085924048703e-01 1.802553470309826988e-01 1.980221236933294993e-01 2.157154094986941939e-01 2.333287227868444391e-01 2.508556334833625390e-01 2.682897672272478995e-01 2.856248094578171526e-01 3.028545094579126462e-01 3.199726843504749341e-01 3.369732230455582678e-01 3.538500901349121430e-01 3.705973297312886716e-01 3.872090692496771291e-01 4.036795231277078289e-01 4.200029964825178208e-01 4.361738887014137145e-01 4.521866969637148292e-01 4.680360196912212722e-01 4.837165599247901238e-01 4.992231286245664146e-01 5.145506478914743109e-01 5.296941541076284343e-01 5.446488009933815322e-01 5.594098625787986556e-01 5.739727360873985162e-01 5.883329447300790216e-01 6.024861404072026083e-01 6.164281063168883801e-01 6.301547594676313313e-01 6.436621530934328872e-01 6.569464789697048168e-01 6.700040696282839603e-01 6.828314004699618245e-01 6.954250917730183668e-01 7.077819105963221169e-01 7.198987725756403888e-01 7.317727436118747208e-01 7.434010414500307196e-01 7.547810371477976510e-01 7.659102564327068263e-01 7.767863809469188752e-01 7.874072493787576121e-01 7.977708584802284397e-01 8.078753639697977551e-01 8.177190813198358388e-01 8.273004864281856552e-01 8.366182161734178058e-01 8.456710688534159193e-01 8.544580045070221397e-01 8.629781451185585261e-01 8.712307747051299955e-01 8.792153392867074757e-01 8.869314467390538859e-01 8.943788665296761309e-01 9.015575293370428067e-01 9.084675265534177813e-01 9.151091096717262063e-01 9.214826895569704357e-01 9.275888356027902626e-01 9.334282747738590347e-01 9.390018905348707090e-01 9.443107216669800463e-01 9.493559609726283099e-01 9.541389538697714334e-01 9.586611968766167724e-01 9.629243359880429454e-01 9.669301649449748570e-01 9.706806233980403986e-01 9.741777949669516712e-01 9.774239051970846637e-01 9.804213194148487798e-01 9.831725404834886772e-01 9.856802064610358238e-01 9.879470881622182121e-01 9.899760866261825276e-01 9.917702304919738809e-01 9.933326732837688411e-01 9.946666906079443260e-01 9.957756772641123133e-01 9.966631442723163925e-01 9.973327158186712227e-01 9.977881261217418363e-01 9.980332162220686421e-01 9.980719306972583027e-01 9.979083143051518112e-01 9.975465085575920821e-01 9.969907482274217303e-01 9.962453577913230607e-01 9.953147478112225333e-01 9.942034112569846371e-01 9.929159197731846076e-01 9.914569198927811744e-01 9.898311292005508299e-01 9.880433324491979530e-01 9.860983776310494608e-01 9.840011720083305935e-01 9.817566781049946734e-01 9.793699096631592882e-01 9.768459275671687037e-01 9.741898357383923512e-01 9.714067770038264937e-01 9.685019289416335608e-01 9.654804997067460981e-01 9.623477238396787037e-01 9.591088580617138648e-01 9.557691770596146164e-01 9.523339692630655717e-01 9.488085326179930279e-01 9.451981703589701356e-01 9.415081867838702712e-01 9.377438830339711595e-01 9.339105528826620040e-01 9.300134785359425171e-01 9.260579264478563388e-01 9.220491431540153160e-01 9.179923511263554659e-01 9.138927446522183695e-01 9.097554857408819418e-01 9.055857000605982421e-01 9.013884729092015435e-01 8.971688452213162357e-01 8.929318096151503958e-01 8.886823064818657469e-01 8.844252201204412245e-01 8.801653749209478184e-01 8.759075315990887400e-01 8.716563834848389813e-01 8.674165528679715909e-01 8.631925874032039259e-01 8.589889565776749336e-01 8.548100482433882430e-01 8.506601652172377515e-01 8.465435219511538989e-01 8.424642412748761799e-01 8.384263512137862806e-01 8.344337818841973675e-01 8.304903624684109031e-01 8.265998182718314879e-01 8.227657678643203187e-01 8.189917203079412067e-01 8.152810724731779368e-01 8.116371064456222584e-01 8.080629870250859437e-01 8.045617593189963168e-01 8.011363464318871364e-01 7.977895472527035681e-01 7.945240343415813644e-01 7.913423519176858711e-01 7.882469139495923427e-01 7.852400023496640680e-01 7.823237652737520254e-01 7.795002155274983746e-01 7.767712290804221764e-01 7.741385436889093308e-01 7.716037576291145950e-01 7.691683285407331372e-01 7.668335723824908357e-01 7.646006625001350310e-01 7.624706288076132932e-01 7.604443570820468290e-01 7.585225883730152274e-01 7.567059185265927468e-01 7.549947978244767599e-01 7.533895307384741447e-01 7.518902758005189257e-01 7.504970455883051006e-01 7.492097068265377580e-01 7.480279806037184454e-01 7.469514427042889260e-01 7.459795240558646512e-01 7.451115112912292116e-01 7.443465474246392377e-01 7.436836326419329346e-01 7.431216252038261860e-01 7.426592424617185495e-01 7.422950619852243248e-01 7.420275228005759338e-01 7.418549267389553670e-01 7.417754398937311811e-01 7.417870941854896039e-01 7.418877890336788017e-01 7.420752931335944380e-01 7.423472463373554930e-01 7.427011616374556979e-01 7.431344272513769056e-01 7.436443088056924333e-01 7.442279516180011489e-01 7.448823830749737862e-01 7.456045151047019370e-01 7.463911467414853229e-01 7.472389667811148994e-01 7.481445565246461760e-01 7.491043926085799720e-01 7.501148499193220909e-01 7.511722045897066824e-01 7.522726370753283209e-01 7.534122353083433365e-01 7.545869979263731819e-01 7.557928375740565752e-01 7.570255842747557473e-01 7.582809888698756051e-01 7.595547265231888945e-01 7.608424002875213699e-01 7.621395447311006821e-01 7.634416296208279551e-01 7.647440636596885000e-01 7.660421982754748171e-01 7.673313314579625066e-01 7.686067116416277489e-01 7.698635416309890234e-01 7.710969825655851206e-01 7.723021579216060584e-01 7.734741575471461017e-01 7.746080417280283292e-01 7.756988452811222068e-01 7.767415816720683042e-01 7.777312471542840999e-01 7.786628249261234869e-01 7.795312893030553747e-01 7.803316099016864849e-01 7.810587558324754154e-01 7.817076998979620717e-01 7.822734227933310081e-01 7.827509173061344416e-01 7.831351925119887092e-01 7.834212779630733703e-01 7.836042278662531668e-01 7.836791252476648095e-01 7.836410861006108952e-01 7.834852635136111410e-01 7.832068517754897652e-01 7.828010904543852844e-01 7.822632684475830933e-01 7.815887279991052816e-01 7.807728686820020192e-01 7.798111513423333641e-01 7.786991020018302345e-01 7.774323157162877918e-01 7.760064603867415922e-01 7.744172805205502552e-01 7.726606009395035057e-01 7.707323304321486157e-01 7.686284653475560225e-01 7.663450931277756561e-01 7.638783957763078947e-01 7.612246532599331594e-01 7.583802468413175513e-01 7.553416623398396812e-01 7.521054933181611224e-01 7.486684441920911093e-01 7.450273332613831512e-01 7.411790956591379764e-01 7.371207862175418457e-01 7.328495822477724131e-01 7.283627862319043134e-01 7.236578284247792148e-01 7.187322693638121818e-01 7.135838022848205453e-01 7.082102554420077745e-01 7.026095943303043434e-01 6.967799238083560720e-01 6.907194901205101489e-01 6.844266828162255401e-01 6.779000365654274107e-01 6.711382328683684895e-01 6.641401016586847561e-01 6.569046227983550423e-01 6.494309274634302298e-01 6.417182994193866286e-01 6.337661761851240971e-01 6.255741500846667691e-01 6.171419691857127354e-01 6.084695381242736234e-01 5.995569188147297224e-01 5.904043310446942527e-01 5.810121529541908414e-01 5.713809213987159907e-01 5.615113321958538073e-01 5.514042402551898592e-01 5.410606595913689532e-01 5.304817632202166733e-01 5.196688829379353392e-01 5.086235089834855172e-01 4.973472895843198405e-01 4.858420303857634015e-01 4.741096937643836662e-01 4.621523980258068764e-01 4.499724164875090193e-01 4.375721764471994235e-01 4.249542580375029188e-01 4.121213929677253751e-01 3.990764631535784202e-01 3.858224992358177952e-01 3.723626789888311861e-01 3.587003256203022961e-01 3.448389059631474796e-01 3.307820285610071354e-01 3.165334416486653701e-01 3.020970310288144667e-01 2.874768178467058677e-01 2.726769562642656908e-01 2.577017310353487689e-01 2.425555549838736280e-01 2.272429663866510630e-01 2.117686262627922478e-01 1.961373155716547856e-01 1.803539323213455559e-01 1.644234885898752940e-01 1.483511074611172653e-01 1.321420198777913946e-01 1.158015614137532373e-01 9.933516896793247175e-02 8.274837738231376194e-02 6.604681598642755946e-02 4.923620507085135073e-02 3.232235229229105805e-02 1.531114901286114056e-02 -1.791433423778175356e-03 -1.897934747670809719e-02 -3.624647324971628365e-02 -5.358662238811958550e-02 -7.099354202763044630e-02 -8.846091879235555566e-02 -1.059823828390415862e-01 -1.235515119445891041e-01 -1.411618356338681102e-01 -1.588068393448115456e-01 -1.764799686277503110e-01 -1.941746333759188370e-01 -2.118842120840375431e-01 -2.296020561318663500e-01 -2.473214940895925029e-01 -2.650358360419065584e-01 -2.827383779276049780e-01 -3.004224058915454521e-01 -3.180812006457737207e-01 -3.357080418366273911e-01 -3.532962124146276084e-01 -3.708390030039587226e-01 -3.883297162683370107e-01 -4.057616712700801154e-01 -4.231282078191823670e-01 -4.404226908092129245e-01 -4.576385145368743745e-01 -4.747691070020413906e-01 -4.918079341851588904e-01 -5.087485042988423301e-01 -5.255843720105956018e-01 -5.423091426335352461e-01 -5.589164762820703070e-01 -5.754000919894873833e-01 -5.917537717844396639e-01 -6.079713647233492280e-01 -6.240467908757760807e-01 -6.399740452598443596e-01 -6.557472017248403562e-01 -6.713604167781621612e-01 -6.868079333537907560e-01 -7.020840845195717161e-01 -7.171832971205618357e-01 -7.321000953558088886e-01 -7.468291042859257489e-01 -7.613650532689294481e-01 -7.757027793218107536e-01 -7.898372304053991044e-01 -8.037634686301227127e-01 -8.174766733803265906e-01 -8.309721443548778730e-01 -8.442453045218361041e-01 -8.572917029850478654e-01 -8.701070177605765288e-01 -8.826870584609447512e-01 -8.950277688852534830e-01 -9.071252295132850030e-01 -9.189756599017885330e-01 -9.305754209812078237e-01 -9.419210172512015866e-01 -9.530090988733481705e-01 -9.638364636595491142e-01 -9.744000589546775171e-01 -9.846969834121314102e-01 -9.947244886610091541e-01 -1.004479980863716593e+00 -1.013961022162888748e+00 -1.023165332016598761e+00 -1.032090788420907179e+00 -1.040735429018873726e+00 -1.049097452095283378e+00 -1.057175217456342686e+00 -1.064967247193786992e+00 -1.072472226332838785e+00 -1.079689003363589306e+00 -1.086616590655464787e+00 -1.093254164754490443e+00 -1.099601066563189233e+00 -1.105656801403021028e+00 -1.111421038959360175e+00 -1.116893613109083860e+00 -1.122074521630964883e+00 -1.126963925799097987e+00 -1.131562149859728805e+00 -1.135869680391899506e+00 -1.139887165552437409e+00 -1.143615414205886749e+00 -1.147055394940065254e+00 -1.150208234968032261e+00 -1.153075218917312572e+00 -1.155657787507318401e+00 -1.157957536116003050e+00 -1.159976213236839415e+00 -1.161715718827319721e+00 -1.163178102550231019e+00 -1.164365561909076030e+00 -1.165280440279030438e+00 -1.165925224834982954e+00 -1.166302544378189809e+00 -1.166415167063235669e+00 -1.166265998027004702e+00 -1.165858076921477249e+00 -1.165194575352213935e+00 -1.164278794224464786e+00 -1.163114160998934388e+00 -1.161704226859245015e+00 -1.160052663793278205e+00 -1.158163261590562376e+00 -1.156039924758001769e+00 -1.153686669356264405e+00 -1.151107619759208500e+00 -1.148307005338802700e+00 -1.145289157078026365e+00 -1.142058504114311868e+00 -1.138619570216124810e+00 -1.134976970195330725e+00 -1.131135406258056531e+00 -1.127099664296780990e+00 -1.122874610126449069e+00 -1.118465185667435025e+00 -1.113876405078215726e+00 -1.109113350840678747e+00 -1.104181169800973583e+00 -1.099085069168907580e+00 -1.093830312478868860e+00 -1.088422215515311375e+00 -1.082866142205865634e+00 -1.077167500485136875e+00 -1.071331738132311528e+00 -1.065364338585675918e+00 -1.059270816737191367e+00 -1.053056714710268293e+00 -1.046727597623910544e+00 -1.040289049346395212e+00 -1.033746668241666944e+00 -1.027106062911632423e+00 -1.020372847937537575e+00 -1.013552639623616525e+00 -1.006651051746197068e+00 -9.996736913114284695e-01 -9.926261543248278141e-01 -9.855140215757781652e-01 -9.783428544401528981e-01 -9.711181907041859240e-01 -9.638455404127171944e-01 -9.565303817449050117e-01 -9.491781569204981173e-01 -9.417942681397075688e-01 -9.343840735597198632e-01 -9.269528833108461319e-01 -9.195059555552907993e-01 -9.120484925914601471e-01 -9.045856370067359986e-01 -8.971224678815682418e-01 -8.896639970477179249e-01 -8.822151654034477986e-01 -8.747808392883915651e-01 -8.673658069208075583e-01 -8.599747748998718411e-01 -8.526123647756079782e-01 -8.452831096890109919e-01 -8.379914510848586184e-01 -8.307417354996574632e-01 -8.235382114271088128e-01 -8.163850262634254618e-01 -8.092862233347681844e-01 -8.022457390089984264e-01 -7.952673998939072675e-01 -7.883549201239821169e-01 -7.815118987377321913e-01 -7.747418171475100035e-01 -7.680480367037005873e-01 -7.614337963550891208e-01 -7.549022104071244632e-01 -7.484562663797427184e-01 -7.420988229663268987e-01 -7.358326080953098147e-01 -7.296602170958456091e-01 -7.235841109689001849e-01 -7.176066147650282945e-01 -7.117299160700305549e-01 -7.059560635995916211e-01 -7.002869659039334671e-01 -6.947243901834242452e-01 -6.892699612159949307e-01 -6.839251603971581162e-01 -6.786913248932981979e-01 -6.735696469088585658e-01 -6.685611730679263953e-01 -6.636668039106738970e-01 -6.588872935049805424e-01 -6.542232491735110456e-01 -6.496751313364208524e-01 -6.452432534697759570e-01 -6.409277821796899310e-01 -6.367287373920886839e-01 -6.326459926579328652e-01 -6.286792755736406724e-01 -6.248281683163501299e-01 -6.210921082936147197e-01 -6.174703889069870222e-01 -6.139621604288979517e-01 -6.105664309921470245e-01 -6.072820676912173976e-01 -6.041077977945725763e-01 -6.010422100669731149e-01 -5.980837562008122221e-01 -5.952307523553453938e-01 -5.924813808026399009e-01 -5.898336916789649331e-01 -5.872856048402880225e-01 -5.848349118204418939e-01 -5.824792778904707147e-01 -5.802162442175619050e-01 -5.780432301219323721e-01 -5.759575354299200090e-01 -5.739563429214942225e-01 -5.720367208703210915e-01 -5.701956256744205032e-01 -5.684299045754379609e-01 -5.667362984644312984e-01 -5.651114447720476663e-01 -5.635518804408824467e-01 -5.620540449777541303e-01 -5.606142835835765670e-01 -5.592288503584370574e-01 -5.578939115794461223e-01 -5.566055490488633906e-01 -5.553597635099487562e-01 -5.541524781279478784e-01 -5.529795420335503753e-01 -5.518367339261447402e-01 -5.507197657341115216e-01 -5.496242863293870906e-01 -5.485458852934627094e-01 -5.474800967319611855e-01 -5.464224031348979826e-01 -5.453682392796770362e-01 -5.443129961738724099e-01 -5.432520250347874224e-01 -5.421806413027714378e-01 -5.410941286852489762e-01 -5.399877432283762824e-01 -5.388567174132453674e-01 -5.376962642735104714e-01 -5.365015815313187719e-01 -5.352678557483899757e-01 -5.339902664891024164e-01 -5.326639904924103108e-01 -5.312842058494323672e-01 -5.298460961835218530e-01 -5.283448548296545422e-01 -5.267756890099474232e-01 -5.251338240021358184e-01 -5.234145072978391156e-01 -5.216130127474500888e-01 -5.197246446884987714e-01 -5.177447420543412893e-01 -5.156686824600574814e-01 -5.134918862624398006e-01 -5.112098205909779702e-01 -5.088180033467873953e-01 -5.063120071664121147e-01 -5.036874633474975882e-01 -5.009400657333377138e-01 -4.980655745533305589e-01 -4.950598202164185890e-01 -4.919187070546177654e-01 -4.886382170137738012e-01 -4.852144132887363237e-01 -4.816434439001662793e-01 -4.779215452102480999e-01 -4.740450453746138937e-01 -4.700103677278447134e-01 -4.658140340999517570e-01 -4.614526680613038612e-01 -4.569229980935070046e-01 -4.522218606838098731e-01 -4.473462033406599425e-01 -4.422930875280907115e-01 -4.370596915166881646e-01 -4.316433131489396113e-01 -4.260413725168377130e-01 -4.202514145496733522e-01 -4.142711115100212727e-01 -4.080982653959854267e-01 -4.017308102478527321e-01 -3.951668143573552339e-01 -3.884044823778358135e-01 -3.814421573336710392e-01 -3.742783225273818570e-01 -3.669116033429486445e-01 -3.593407689439096497e-01 -3.515647338649144360e-01 -3.435825594954742823e-01 -3.353934554547349234e-01 -3.269967808561780598e-01 -3.183920454612412798e-01 -3.095789107209274138e-01 -3.005571907045568869e-01 -2.913268529149051211e-01 -2.818880189890455301e-01 -2.722409652843109096e-01 -2.623861233488650191e-01 -2.523240802764676882e-01 -2.420555789451003803e-01 -2.315815181392046895e-01 -2.209029525553790618e-01 -2.100210926914561349e-01 -1.989373046189823746e-01 -1.876531096391941822e-01 -1.761701838226897854e-01 -1.644903574330625340e-01 -1.526156142348660816e-01 -1.405480906863567636e-01 -1.282900750175499649e-01 -1.158440061942094673e-01 -1.032124727684778920e-01 -9.039821161693846474e-02 -7.740410656698203107e-02 -6.423318691243752598e-02 -5.088862581950952257e-02 -3.737373862414307413e-02 -2.369198102202022330e-02 -9.846947152474876466e-03 4.157632422311388631e-03 1.831789284139202431e-02 3.262983717089512625e-02 4.708933873002500020e-02 6.169214351555731002e-02 7.643387272307956837e-02 9.131002536316767948e-02 1.063159809706011316e-01 1.214470024046702956e-01 1.366982387385433373e-01 1.520647282356030194e-01 1.675414014105973681e-01 1.831230841733827441e-01 1.988045010529773671e-01 2.145802784995808898e-01 2.304449482621629408e-01 2.463929508391588530e-01 2.624186389997630320e-01 2.785162813732520171e-01 2.946800661037250468e-01 3.109041045675916548e-01 3.271824351510967399e-01 3.435090270851259286e-01 3.598777843344869165e-01 3.762825495388305574e-01 3.927171080023257321e-01 4.091751917291753804e-01 4.256504835020186173e-01 4.421366210002375396e-01 4.586272009551516371e-01 4.751157833390620699e-01 4.915958955850750489e-01 5.080610368346115679e-01 5.245046822095000838e-01 5.409202871055088790e-01 5.573012915041857251e-01 5.736411242998284976e-01 5.899332076384289358e-01 6.061709612653970458e-01 6.223478068788813600e-01 6.384571724854924968e-01 6.544924967552323558e-01 6.704472333724358357e-01 6.863148553795300755e-01 7.020888595104233243e-01 7.177627705103476474e-01 7.333301454389774543e-01 7.487845779536692614e-01 7.641197025696802037e-01 7.793291988942345760e-01 7.944067958313274502e-01 8.093462757541854957e-01 8.241414786423191252e-01 8.387863061801205111e-01 8.532747258140118696e-01 8.676007747651556246e-01 8.817585639947822518e-01 8.957422821192276841e-01 9.095461992718051336e-01 9.231646709086726021e-01 9.365921415559083085e-01 9.498231484950419024e-01 9.628523253843341845e-01 9.756744058131504582e-01 9.882842267868214847e-01 1.000676732139432090e+00 1.012846975872037980e+00 1.024790125413853170e+00 1.036501464804039818e+00 1.047976397791733572e+00 1.059210450852070329e+00 1.070199276115973097e+00 1.080938654211572869e+00 1.091424497015174966e+00 1.101652850309762011e+00 1.111619896349081982e+00 1.121321956325452174e+00 1.130755492739474732e+00 1.139917111669927374e+00 1.148803564942181943e+00 1.157411752193557186e+00 1.165738722834109842e+00 1.173781677901429621e+00 1.181537971808096055e+00 1.189005113980513562e+00 1.196180770387949455e+00 1.203062764960660891e+00 1.209649080896081363e+00 1.215937861852130597e+00 1.221927413026779208e+00 1.227616202123104960e+00 1.233002860199140516e+00 1.238086182401910262e+00 1.242865128585136869e+00 1.247338823810193231e+00 1.251506558729933882e+00 1.255367789855169169e+00 1.258922139703593901e+00 1.262169396831088086e+00 1.265109515745398205e+00 1.267742616702281166e+00 1.270068985384282589e+00 1.272089072462429193e+00 1.273803493041166357e+00 1.275213025986984716e+00 1.276318613141261160e+00 1.277121358417921737e+00 1.277622526786607704e+00 1.277823543142142526e+00 1.277725991061150257e+00 1.277331611446765436e+00 1.276642301062485219e+00 1.275660110956245985e+00 1.274387244775946559e+00 1.272826056977662601e+00 1.270979050927921739e+00 1.268848876901470080e+00 1.266438329976028010e+00 1.263750347825622011e+00 1.260788008414164496e+00 1.257554527590987847e+00 1.254053256590170973e+00 1.250287679435506671e+00 1.246261410253069801e+00 1.241978190493401524e+00 1.237441886065383079e+00 1.232656484383953144e+00 1.227626091333873681e+00 1.222354928151824893e+00 1.216847328229143654e+00 1.211107733837621714e+00 1.205140692780789946e+00 1.198950854973196867e+00 1.192542968950252025e+00 1.185921878311216426e+00 1.179092518098010745e+00 1.172059911112549146e+00 1.164829164175335663e+00 1.157405464328114642e+00 1.149794074983425896e+00 1.142000332023912046e+00 1.134029639854305271e+00 1.125887467409018905e+00 1.117579344118348583e+00 1.109110855836251686e+00 1.100487640732769057e+00 1.091715385154131246e+00 1.082799819453644341e+00 1.073746713796446706e+00 1.064561873941268333e+00 1.055251137002338524e+00 1.045820367194573164e+00 1.036275451565231265e+00 1.026622295715206024e+00 1.016866819513126519e+00 1.007014952805464603e+00 9.970726311258381047e-01 9.870457914066846916e-01 9.769403676965151551e-01 9.667622868859064855e-01 9.565174644454209618e-01 9.462118001786149479e-01 9.358511739932867668e-01 9.254414416941094679e-01 9.149884307997577793e-01 9.044979363876443079e-01 8.939757169693446359e-01 8.834274903997686446e-01 8.728589298231053117e-01 8.622756596585506861e-01 8.516832516287986543e-01 8.410872208342239364e-01 8.304930218756705340e-01 8.199060450287192214e-01 8.093316124722551574e-01 7.987749745741370422e-01 7.882413062367034096e-01 7.777357033048249990e-01 7.672631790391508666e-01 7.568286606571609232e-01 7.464369859445708633e-01 7.360928999395891514e-01 7.258010516924806588e-01 7.155659911028136033e-01 7.053921658367287018e-01 6.952839183264969414e-01 6.852454828545680998e-01 6.752809827242647334e-01 6.653944275191937541e-01 6.555897104533826569e-01 6.458706058140946116e-01 6.362407664991914791e-01 6.267037216508383191e-01 6.172628743872998758e-01 6.079214996344654010e-01 5.986827420586917636e-01 5.895496141024697545e-01 5.805249941243455503e-01 5.716116246444320481e-01 5.628121106968038134e-01 5.541289182899397092e-01 5.455643729763397509e-01 5.371206585323398119e-01 5.287998157490545470e-01 5.206037413353349352e-01 5.125341869334880673e-01 5.045927582484688312e-01 4.967809142911470688e-01 4.890999667361650149e-01 4.815510793948213908e-01 4.741352678033401991e-01 4.668533989267673046e-01 4.597061909786896994e-01 4.526942133568466198e-01 4.458178866946513885e-01 4.390774830285214536e-01 4.324731260808559741e-01 4.260047916583948879e-01 4.196723081656105747e-01 4.134753572327127258e-01 4.074134744577288525e-01 4.014860502620681282e-01 3.956923308588805033e-01 3.900314193334285529e-01 3.845022768346211262e-01 3.791037238767621109e-01 3.738344417504940731e-01 3.686929740418278811e-01 3.636777282580768711e-01 3.587869775594165755e-01 3.540188625947351397e-01 3.493713934403424037e-01 3.448424516400394602e-01 3.404297923449683405e-01 3.361310465515895962e-01 3.319437234360597677e-01 3.278652127832132335e-01 3.238927875082753816e-01 3.200236062693679329e-01 3.162547161688017971e-01 3.125830555410772926e-01 3.090054568254611556e-01 3.055186495209273323e-01 3.021192632212080786e-01 2.988038307276185135e-01 2.955687912372811366e-01 2.924104936043137593e-01 2.893251996714657492e-01 2.863090876696853804e-01 2.833582556829919996e-01 2.804687251760267230e-01 2.776364445815791004e-01 2.748572929453373948e-01 2.721270836251099556e-01 2.694415680416671899e-01 2.667964394783509108e-01 2.641873369265612115e-01 2.616098489741697786e-01 2.590595177339121702e-01 2.565318428087506319e-01 2.540222852911933060e-01 2.515262717935110026e-01 2.490391985057855417e-01 2.465564352787008584e-01 2.440733297279532588e-01 2.415852113571625159e-01 2.390873956961346025e-01 2.365751884513298542e-01 2.340438896653653511e-01 2.314887978823869097e-01 2.289052143161338093e-01 2.262884470175195450e-01 2.236338150385527301e-01 2.209366525894236044e-01 2.181923131855873499e-01 2.153961737816836586e-01 2.125436388891343564e-01 2.096301446742922236e-01 2.066511630339988581e-01 2.036022056454589724e-01 2.004788279873274126e-01 1.972766333289505125e-01 1.939912766847121384e-01 1.906184687304673386e-01 1.871539796790745169e-01 1.835936431120630263e-01 1.799333597645099148e-01 1.761691012602333295e-01 1.722969137944542206e-01 1.683129217610938311e-01 1.642133313219509283e-01 1.599944339150123906e-01 1.556526096992192076e-01 1.511843309330469232e-01 1.465861652843102048e-01 1.418547790686559285e-01 1.369869404142572133e-01 1.319795223502792658e-01 1.268295058167476508e-01 1.215339825935000673e-01 1.160901581459711507e-01 1.104953543856179166e-01 1.047470123428572431e-01 9.884269475045504016e-02 9.278008853537071665e-02 8.655700721712637769e-02 8.017139321085131609e-02 7.362132003320706608e-02 6.690499440948752263e-02 6.002075828024387716e-02 5.296709070588645485e-02 4.574260966775687415e-02 3.834607376427194569e-02 3.077638380080190486e-02 2.303258427203533701e-02 1.511386473564499573e-02 7.019561076184334565e-03 -1.250843341818565820e-03 -9.697716632472245038e-03 -1.832127745970358809e-02 -2.712159422174885426e-02 -3.609858434964557938e-02 -4.525201372029540037e-02 -5.458149618461989594e-02 -6.408649321121168141e-02 -7.376631364581777428e-02 -8.362011358689910856e-02 -9.364689637741924200e-02 -1.038455127129369465e-01 -1.142146608659825174e-01 -1.247528870266135514e-01 -1.354585857589619136e-01 -1.463300005734902431e-01 -1.573652246145975098e-01 -1.685622014631168175e-01 -1.799187260531794341e-01 -1.914324457028056814e-01 -2.031008612575342653e-01 -2.149213283462825252e-01 -2.268910587485654107e-01 -2.390071218721242230e-01 -2.512664463399018056e-01 -2.636658216852592052e-01 -2.762019001542152519e-01 -2.888711986134323562e-01 -3.016701005625776477e-01 -3.145948582496171375e-01 -3.276415948875269213e-01 -3.408063069708157644e-01 -3.540848666902016162e-01 -3.674730244436795190e-01 -3.809664114421846826e-01 -3.945605424079394186e-01 -4.082508183635470966e-01 -4.220325295097940299e-01 -4.359008581900704615e-01 -4.498508819392586511e-01 -4.638775766148545698e-01 -4.779758196080561850e-01 -4.921403931324616621e-01 -5.063659875879867878e-01 -5.206472049975355842e-01 -5.349785625139183987e-01 -5.493544959944496320e-01 -5.637693636406055919e-01 -5.782174497000858171e-01 -5.926929682285521084e-01 -6.071900669083086788e-01 -6.217028309210973491e-01 -6.362252868721879340e-01 -6.507514067628764609e-01 -6.652751120084718917e-01 -6.797902774988262564e-01 -6.942907356984181488e-01 -7.087702807829887597e-01 -7.232226728096721180e-01 -7.376416419175703121e-01 -7.520208925556728374e-01 -7.663541077350173314e-01 -7.806349533019537601e-01 -7.948570822293754556e-01 -8.090141389227568647e-01 -8.230997635378178856e-01 -8.371075963066466619e-01 -8.510312818690929371e-01 -8.648644736062225391e-01 -8.786008379726742978e-01 -8.922340588246854276e-01 -9.057578417406333404e-01 -9.191659183308773517e-01 -9.324520505337438037e-01 -9.456100348944758149e-01 -9.586337068239941805e-01 -9.715169448343278225e-01 -9.842536747475928438e-01 -9.968378738754030133e-01 -1.009263575165650684e+00 -1.021524871313565175e+00 -1.033615918834049685e+00 -1.045530942092262938e+00 -1.057264237289481601e+00 -1.068810176401312928e+00 -1.080163211065321427e+00 -1.091317876415228261e+00 -1.102268794858835221e+00 -1.113010679796886393e+00 -1.123538339280131249e+00 -1.133846679601869134e+00 -1.143930708823345244e+00 -1.153785540229376405e+00 -1.163406395711661379e+00 -1.172788609077279443e+00 -1.181927629279926117e+00 -1.190819023571510371e+00 -1.199458480571772734e+00 -1.207841813253670127e+00 -1.215964961842311176e+00 -1.223823996625306165e+00 -1.231415120672461727e+00 -1.238734672462799447e+00 -1.245779128416961923e+00 -1.252545105333153330e+00 -1.259029362724783496e+00 -1.265228805058120187e+00 -1.271140483888276940e+00 -1.276761599891977683e+00 -1.282089504795572710e+00 -1.287121703196911549e+00 -1.291855854279709392e+00 -1.296289773419148528e+00 -1.300421433677527494e+00 -1.304248967188857744e+00 -1.307770666431397943e+00 -1.310984985387159130e+00 -1.313890540587559164e+00 -1.316486112044434442e+00 -1.318770644065741626e+00 -1.320743245955331879e+00 -1.322403192596294463e+00 -1.323749924917446474e+00 -1.324783050242620996e+00 -1.325502342522495880e+00 -1.325907742448806603e+00 -1.325999357450861282e+00 -1.325777461574358940e+00 -1.325242495242605179e+00 -1.324395064900319330e+00 -1.323235942540290200e+00 -1.321766065113233246e+00 -1.319986533821307040e+00 -1.317898613295797494e+00 -1.315503730659598247e+00 -1.312803474475177312e+00 -1.309799593578819366e+00 -1.306493995802010755e+00 -1.302888746580918466e+00 -1.298986067454989124e+00 -1.294788334455804657e+00 -1.290298076387372594e+00 -1.285517972999135727e+00 -1.280450853053066274e+00 -1.275099692286271846e+00 -1.269467611270618024e+00 -1.263557873170988444e+00 -1.257373881403805571e+00 -1.250919177197585608e+00 -1.244197437057310562e+00 -1.237212470134523956e+00 -1.229968215505082840e+00 -1.222468739356593614e+00 -1.214718232087617311e+00 -1.206721005320795959e+00 -1.198481488832117581e+00 -1.190004227398588466e+00 -1.181293877566664152e+00 -1.172355204343821233e+00 -1.163193077815728671e+00 -1.153812469691527731e+00 -1.144218449779780489e+00 -1.134416182397692374e+00 -1.124410922716278627e+00 -1.114208013044174717e+00 -1.103812879052849416e+00 -1.093231025946015178e+00 -1.082468034576064220e+00 -1.071529557510429553e+00 -1.060421315050750435e+00 -1.049149091207821183e+00 -1.037718729635283443e+00 -1.026136129525077489e+00 -1.014407241467694343e+00 -1.002538063280281166e+00 -9.905346358057062206e-01 -9.784030386856632511e-01 -9.661493861109725634e-01 -9.537798225521953999e-01 -9.413005184737409659e-01 -9.287176660346135870e-01 -9.160374747789956640e-01 -9.032661673198448815e-01 -8.904099750186895701e-01 -8.774751336648298761e-01 -8.644678791571167586e-01 -8.513944431915119182e-01 -8.382610489576145518e-01 -8.250739068473195159e-01 -8.118392101787857973e-01 -7.985631309388672161e-01 -7.852518155471432948e-01 -7.719113806446852299e-01 -7.585479089106437200e-01 -7.451674449097662745e-01 -7.317759909738846824e-01 -7.183795031204176507e-01 -7.049838870108910971e-01 -6.915949939524576040e-01 -6.782186169453485736e-01 -6.648604867791795270e-01 -6.515262681809677048e-01 -6.382215560177046942e-01 -6.249518715562720761e-01 -6.117226587834463380e-01 -5.985392807886915634e-01 -5.854070162124106469e-01 -5.723310557622387496e-01 -5.593164987999543758e-01 -5.463683500014928640e-01 -5.334915160925215449e-01 -5.206908026619527785e-01 -5.079709110557413254e-01 -4.953364353532217490e-01 -4.827918594282025744e-01 -4.703415540969589359e-01 -4.579897743552014400e-01 -4.457406567060410163e-01 -4.335982165808799360e-01 -4.215663458551182075e-01 -4.096488104604676939e-01 -3.978492480956095090e-01 -3.861711660368478682e-01 -3.746179390503461271e-01 -3.631928074074464163e-01 -3.518988750045015101e-01 -3.407391075885721765e-01 -3.297163310902510025e-01 -3.188332300648156759e-01 -3.080923462428062365e-01 -2.974960771910637458e-01 -2.870466750851671800e-01
