# Tue Jul 13 20:13:23 2021
# Spin blind formalism, bias turned off, lead sites decoupled
# Inputs:
# - Num. leads = (4, 4)
# - Num. impurity sites = 1
# - nelecs = (9, 0)
# - V_leads = 1.0
# - V_imp_leads = 1.0
# - V_bias = -0.005
# - mu = 0.0
# - V_gate = 0.0
# - U = 0.0
0.000000000000000000e+00 1.000000000000000021e-02 2.000000000000000042e-02 2.999999999999999889e-02 4.000000000000000083e-02 5.000000000000000278e-02 5.999999999999999778e-02 7.000000000000000666e-02 8.000000000000000167e-02 8.999999999999999667e-02 1.000000000000000056e-01 1.100000000000000006e-01 1.199999999999999956e-01 1.300000000000000044e-01 1.400000000000000133e-01 1.499999999999999944e-01 1.600000000000000033e-01 1.700000000000000122e-01 1.799999999999999933e-01 1.900000000000000022e-01 2.000000000000000111e-01 2.099999999999999922e-01 2.200000000000000011e-01 2.300000000000000100e-01 2.399999999999999911e-01 2.500000000000000000e-01 2.600000000000000089e-01 2.700000000000000178e-01 2.800000000000000266e-01 2.899999999999999800e-01 2.999999999999999889e-01 3.099999999999999978e-01 3.200000000000000067e-01 3.300000000000000155e-01 3.400000000000000244e-01 3.500000000000000333e-01 3.599999999999999867e-01 3.699999999999999956e-01 3.800000000000000044e-01 3.900000000000000133e-01 4.000000000000000222e-01 4.100000000000000311e-01 4.199999999999999845e-01 4.299999999999999933e-01 4.400000000000000022e-01 4.500000000000000111e-01 4.600000000000000200e-01 4.700000000000000289e-01 4.799999999999999822e-01 4.899999999999999911e-01 5.000000000000000000e-01 5.100000000000000089e-01 5.200000000000000178e-01 5.300000000000000266e-01 5.400000000000000355e-01 5.500000000000000444e-01 5.600000000000000533e-01 5.700000000000000622e-01 5.799999999999999600e-01 5.899999999999999689e-01 5.999999999999999778e-01 6.099999999999999867e-01 6.199999999999999956e-01 6.300000000000000044e-01 6.400000000000000133e-01 6.500000000000000222e-01 6.600000000000000311e-01 6.700000000000000400e-01 6.800000000000000488e-01 6.900000000000000577e-01 7.000000000000000666e-01 7.099999999999999645e-01 7.199999999999999734e-01 7.299999999999999822e-01 7.399999999999999911e-01 7.500000000000000000e-01 7.600000000000000089e-01 7.700000000000000178e-01 7.800000000000000266e-01 7.900000000000000355e-01 8.000000000000000444e-01 8.100000000000000533e-01 8.200000000000000622e-01 8.300000000000000711e-01 8.399999999999999689e-01 8.499999999999999778e-01 8.599999999999999867e-01 8.699999999999999956e-01 8.800000000000000044e-01 8.900000000000000133e-01 9.000000000000000222e-01 9.100000000000000311e-01 9.200000000000000400e-01 9.300000000000000488e-01 9.400000000000000577e-01 9.500000000000000666e-01 9.599999999999999645e-01 9.699999999999999734e-01 9.799999999999999822e-01 9.899999999999999911e-01 1.000000000000000000e+00 1.010000000000000009e+00 1.020000000000000018e+00 1.030000000000000027e+00 1.040000000000000036e+00 1.050000000000000044e+00 1.060000000000000053e+00 1.070000000000000062e+00 1.080000000000000071e+00 1.090000000000000080e+00 1.100000000000000089e+00 1.110000000000000098e+00 1.120000000000000107e+00 1.130000000000000115e+00 1.140000000000000124e+00 1.150000000000000133e+00 1.159999999999999920e+00 1.169999999999999929e+00 1.179999999999999938e+00 1.189999999999999947e+00 1.199999999999999956e+00 1.209999999999999964e+00 1.219999999999999973e+00 1.229999999999999982e+00 1.239999999999999991e+00 1.250000000000000000e+00 1.260000000000000009e+00 1.270000000000000018e+00 1.280000000000000027e+00 1.290000000000000036e+00 1.300000000000000044e+00 1.310000000000000053e+00 1.320000000000000062e+00 1.330000000000000071e+00 1.340000000000000080e+00 1.350000000000000089e+00 1.360000000000000098e+00 1.370000000000000107e+00 1.380000000000000115e+00 1.390000000000000124e+00 1.400000000000000133e+00 1.409999999999999920e+00 1.419999999999999929e+00 1.429999999999999938e+00 1.439999999999999947e+00 1.449999999999999956e+00 1.459999999999999964e+00 1.469999999999999973e+00 1.479999999999999982e+00 1.489999999999999991e+00 1.500000000000000000e+00 1.510000000000000009e+00 1.520000000000000018e+00 1.530000000000000027e+00 1.540000000000000036e+00 1.550000000000000044e+00 1.560000000000000053e+00 1.570000000000000062e+00 1.580000000000000071e+00 1.590000000000000080e+00 1.600000000000000089e+00 1.610000000000000098e+00 1.620000000000000107e+00 1.630000000000000115e+00 1.640000000000000124e+00 1.650000000000000133e+00 1.660000000000000142e+00 1.669999999999999929e+00 1.679999999999999938e+00 1.689999999999999947e+00 1.699999999999999956e+00 1.709999999999999964e+00 1.719999999999999973e+00 1.729999999999999982e+00 1.739999999999999991e+00 1.750000000000000000e+00 1.760000000000000009e+00 1.770000000000000018e+00 1.780000000000000027e+00 1.790000000000000036e+00 1.800000000000000044e+00 1.810000000000000053e+00 1.820000000000000062e+00 1.830000000000000071e+00 1.840000000000000080e+00 1.850000000000000089e+00 1.860000000000000098e+00 1.870000000000000107e+00 1.880000000000000115e+00 1.890000000000000124e+00 1.900000000000000133e+00 1.910000000000000142e+00 1.919999999999999929e+00 1.929999999999999938e+00 1.939999999999999947e+00 1.949999999999999956e+00 1.959999999999999964e+00 1.969999999999999973e+00 1.979999999999999982e+00 1.989999999999999991e+00 2.000000000000000000e+00 2.010000000000000231e+00 2.020000000000000018e+00 2.030000000000000249e+00 2.040000000000000036e+00 2.049999999999999822e+00 2.060000000000000053e+00 2.069999999999999840e+00 2.080000000000000071e+00 2.089999999999999858e+00 2.100000000000000089e+00 2.109999999999999876e+00 2.120000000000000107e+00 2.129999999999999893e+00 2.140000000000000124e+00 2.149999999999999911e+00 2.160000000000000142e+00 2.169999999999999929e+00 2.180000000000000160e+00 2.189999999999999947e+00 2.200000000000000178e+00 2.209999999999999964e+00 2.220000000000000195e+00 2.229999999999999982e+00 2.240000000000000213e+00 2.250000000000000000e+00 2.260000000000000231e+00 2.270000000000000018e+00 2.280000000000000249e+00 2.290000000000000036e+00 2.300000000000000266e+00 2.310000000000000053e+00 2.319999999999999840e+00 2.330000000000000071e+00 2.339999999999999858e+00 2.350000000000000089e+00 2.359999999999999876e+00 2.370000000000000107e+00 2.379999999999999893e+00 2.390000000000000124e+00 2.399999999999999911e+00 2.410000000000000142e+00 2.419999999999999929e+00 2.430000000000000160e+00 2.439999999999999947e+00 2.450000000000000178e+00 2.459999999999999964e+00 2.470000000000000195e+00 2.479999999999999982e+00 2.490000000000000213e+00 2.500000000000000000e+00 2.510000000000000231e+00 2.520000000000000018e+00 2.530000000000000249e+00 2.540000000000000036e+00 2.550000000000000266e+00 2.560000000000000053e+00 2.569999999999999840e+00 2.580000000000000071e+00 2.589999999999999858e+00 2.600000000000000089e+00 2.609999999999999876e+00 2.620000000000000107e+00 2.629999999999999893e+00 2.640000000000000124e+00 2.649999999999999911e+00 2.660000000000000142e+00 2.669999999999999929e+00 2.680000000000000160e+00 2.689999999999999947e+00 2.700000000000000178e+00 2.709999999999999964e+00 2.720000000000000195e+00 2.729999999999999982e+00 2.740000000000000213e+00 2.750000000000000000e+00 2.760000000000000231e+00 2.770000000000000018e+00 2.780000000000000249e+00 2.790000000000000036e+00 2.800000000000000266e+00 2.810000000000000053e+00 2.819999999999999840e+00 2.830000000000000071e+00 2.839999999999999858e+00 2.850000000000000089e+00 2.859999999999999876e+00 2.870000000000000107e+00 2.879999999999999893e+00 2.890000000000000124e+00 2.899999999999999911e+00 2.910000000000000142e+00 2.919999999999999929e+00 2.930000000000000160e+00 2.939999999999999947e+00 2.950000000000000178e+00 2.959999999999999964e+00 2.970000000000000195e+00 2.979999999999999982e+00 2.990000000000000213e+00 3.000000000000000000e+00 3.010000000000000231e+00 3.020000000000000018e+00 3.030000000000000249e+00 3.040000000000000036e+00 3.050000000000000266e+00 3.060000000000000053e+00 3.070000000000000284e+00 3.080000000000000071e+00 3.089999999999999858e+00 3.100000000000000089e+00 3.109999999999999876e+00 3.120000000000000107e+00 3.129999999999999893e+00 3.140000000000000124e+00 3.149999999999999911e+00 3.160000000000000142e+00 3.169999999999999929e+00 3.180000000000000160e+00 3.189999999999999947e+00 3.200000000000000178e+00 3.209999999999999964e+00 3.220000000000000195e+00 3.229999999999999982e+00 3.240000000000000213e+00 3.250000000000000000e+00 3.260000000000000231e+00 3.270000000000000018e+00 3.280000000000000249e+00 3.290000000000000036e+00 3.300000000000000266e+00 3.310000000000000053e+00 3.320000000000000284e+00 3.330000000000000071e+00 3.339999999999999858e+00 3.350000000000000089e+00 3.359999999999999876e+00 3.370000000000000107e+00 3.379999999999999893e+00 3.390000000000000124e+00 3.399999999999999911e+00 3.410000000000000142e+00 3.419999999999999929e+00 3.430000000000000160e+00 3.439999999999999947e+00 3.450000000000000178e+00 3.459999999999999964e+00 3.470000000000000195e+00 3.479999999999999982e+00 3.490000000000000213e+00 3.500000000000000000e+00 3.510000000000000231e+00 3.520000000000000018e+00 3.530000000000000249e+00 3.540000000000000036e+00 3.550000000000000266e+00 3.560000000000000053e+00 3.570000000000000284e+00 3.580000000000000071e+00 3.589999999999999858e+00 3.600000000000000089e+00 3.609999999999999876e+00 3.620000000000000107e+00 3.629999999999999893e+00 3.640000000000000124e+00 3.649999999999999911e+00 3.660000000000000142e+00 3.669999999999999929e+00 3.680000000000000160e+00 3.689999999999999947e+00 3.700000000000000178e+00 3.709999999999999964e+00 3.720000000000000195e+00 3.729999999999999982e+00 3.740000000000000213e+00 3.750000000000000000e+00 3.760000000000000231e+00 3.770000000000000018e+00 3.780000000000000249e+00 3.790000000000000036e+00 3.800000000000000266e+00 3.810000000000000053e+00 3.820000000000000284e+00 3.830000000000000071e+00 3.839999999999999858e+00 3.850000000000000089e+00 3.859999999999999876e+00 3.870000000000000107e+00 3.879999999999999893e+00 3.890000000000000124e+00 3.899999999999999911e+00 3.910000000000000142e+00 3.919999999999999929e+00 3.930000000000000160e+00 3.939999999999999947e+00 3.950000000000000178e+00 3.959999999999999964e+00 3.970000000000000195e+00 3.979999999999999982e+00 3.990000000000000213e+00 4.000000000000000000e+00 4.009999999999999787e+00 4.020000000000000462e+00 4.030000000000000249e+00 4.040000000000000036e+00 4.049999999999999822e+00 4.060000000000000497e+00 4.070000000000000284e+00 4.080000000000000071e+00 4.089999999999999858e+00 4.099999999999999645e+00 4.110000000000000320e+00 4.120000000000000107e+00 4.129999999999999893e+00 4.139999999999999680e+00 4.150000000000000355e+00 4.160000000000000142e+00 4.169999999999999929e+00 4.179999999999999716e+00 4.190000000000000391e+00 4.200000000000000178e+00 4.209999999999999964e+00 4.219999999999999751e+00 4.230000000000000426e+00 4.240000000000000213e+00 4.250000000000000000e+00 4.259999999999999787e+00 4.270000000000000462e+00 4.280000000000000249e+00 4.290000000000000036e+00 4.299999999999999822e+00 4.310000000000000497e+00 4.320000000000000284e+00 4.330000000000000071e+00 4.339999999999999858e+00 4.350000000000000533e+00 4.360000000000000320e+00 4.370000000000000107e+00 4.379999999999999893e+00 4.389999999999999680e+00 4.400000000000000355e+00 4.410000000000000142e+00 4.419999999999999929e+00 4.429999999999999716e+00 4.440000000000000391e+00 4.450000000000000178e+00 4.459999999999999964e+00 4.469999999999999751e+00 4.480000000000000426e+00 4.490000000000000213e+00 4.500000000000000000e+00 4.509999999999999787e+00 4.520000000000000462e+00 4.530000000000000249e+00 4.540000000000000036e+00 4.549999999999999822e+00 4.560000000000000497e+00 4.570000000000000284e+00 4.580000000000000071e+00 4.589999999999999858e+00 4.600000000000000533e+00 4.610000000000000320e+00 4.620000000000000107e+00 4.629999999999999893e+00 4.639999999999999680e+00 4.650000000000000355e+00 4.660000000000000142e+00 4.669999999999999929e+00 4.679999999999999716e+00 4.690000000000000391e+00 4.700000000000000178e+00 4.709999999999999964e+00 4.719999999999999751e+00 4.730000000000000426e+00 4.740000000000000213e+00 4.750000000000000000e+00 4.759999999999999787e+00 4.770000000000000462e+00 4.780000000000000249e+00 4.790000000000000036e+00 4.799999999999999822e+00 4.810000000000000497e+00 4.820000000000000284e+00 4.830000000000000071e+00 4.839999999999999858e+00 4.850000000000000533e+00 4.860000000000000320e+00 4.870000000000000107e+00 4.879999999999999893e+00 4.889999999999999680e+00 4.900000000000000355e+00 4.910000000000000142e+00 4.919999999999999929e+00 4.929999999999999716e+00 4.940000000000000391e+00 4.950000000000000178e+00 4.959999999999999964e+00 4.969999999999999751e+00 4.980000000000000426e+00 4.990000000000000213e+00 5.000000000000000000e+00 5.009999999999999787e+00 5.020000000000000462e+00 5.030000000000000249e+00 5.040000000000000036e+00 5.049999999999999822e+00 5.060000000000000497e+00 5.070000000000000284e+00 5.080000000000000071e+00 5.089999999999999858e+00 5.100000000000000533e+00 5.110000000000000320e+00 5.120000000000000107e+00 5.129999999999999893e+00 5.139999999999999680e+00 5.150000000000000355e+00 5.160000000000000142e+00 5.169999999999999929e+00 5.179999999999999716e+00 5.190000000000000391e+00 5.200000000000000178e+00 5.209999999999999964e+00 5.219999999999999751e+00 5.230000000000000426e+00 5.240000000000000213e+00 5.250000000000000000e+00 5.259999999999999787e+00 5.270000000000000462e+00 5.280000000000000249e+00 5.290000000000000036e+00 5.299999999999999822e+00 5.310000000000000497e+00 5.320000000000000284e+00 5.330000000000000071e+00 5.339999999999999858e+00 5.350000000000000533e+00 5.360000000000000320e+00 5.370000000000000107e+00 5.379999999999999893e+00 5.389999999999999680e+00 5.400000000000000355e+00 5.410000000000000142e+00 5.419999999999999929e+00 5.429999999999999716e+00 5.440000000000000391e+00 5.450000000000000178e+00 5.459999999999999964e+00 5.469999999999999751e+00 5.480000000000000426e+00 5.490000000000000213e+00 5.500000000000000000e+00 5.509999999999999787e+00 5.520000000000000462e+00 5.530000000000000249e+00 5.540000000000000036e+00 5.549999999999999822e+00 5.560000000000000497e+00 5.570000000000000284e+00 5.580000000000000071e+00 5.589999999999999858e+00 5.600000000000000533e+00 5.610000000000000320e+00 5.620000000000000107e+00 5.629999999999999893e+00 5.639999999999999680e+00 5.650000000000000355e+00 5.660000000000000142e+00 5.669999999999999929e+00 5.679999999999999716e+00 5.690000000000000391e+00 5.700000000000000178e+00 5.709999999999999964e+00 5.719999999999999751e+00 5.730000000000000426e+00 5.740000000000000213e+00 5.750000000000000000e+00 5.759999999999999787e+00 5.770000000000000462e+00 5.780000000000000249e+00 5.790000000000000036e+00 5.799999999999999822e+00 5.810000000000000497e+00 5.820000000000000284e+00 5.830000000000000071e+00 5.839999999999999858e+00 5.850000000000000533e+00 5.860000000000000320e+00 5.870000000000000107e+00 5.879999999999999893e+00 5.889999999999999680e+00 5.900000000000000355e+00 5.910000000000000142e+00 5.919999999999999929e+00 5.929999999999999716e+00 5.940000000000000391e+00 5.950000000000000178e+00 5.959999999999999964e+00 5.969999999999999751e+00 5.980000000000000426e+00 5.990000000000000213e+00 6.000000000000000000e+00 6.009999999999999787e+00 6.020000000000000462e+00 6.030000000000000249e+00 6.040000000000000036e+00 6.049999999999999822e+00 6.060000000000000497e+00 6.070000000000000284e+00 6.080000000000000071e+00 6.089999999999999858e+00 6.100000000000000533e+00 6.110000000000000320e+00 6.120000000000000107e+00 6.129999999999999893e+00 6.140000000000000568e+00 6.150000000000000355e+00 6.160000000000000142e+00 6.169999999999999929e+00 6.179999999999999716e+00 6.190000000000000391e+00 6.200000000000000178e+00 6.209999999999999964e+00 6.219999999999999751e+00 6.230000000000000426e+00 6.240000000000000213e+00 6.250000000000000000e+00 6.259999999999999787e+00 6.270000000000000462e+00 6.280000000000000249e+00 6.290000000000000036e+00 6.299999999999999822e+00 6.310000000000000497e+00 6.320000000000000284e+00 6.330000000000000071e+00 6.339999999999999858e+00 6.350000000000000533e+00 6.360000000000000320e+00 6.370000000000000107e+00 6.379999999999999893e+00 6.390000000000000568e+00 6.400000000000000355e+00 6.410000000000000142e+00 6.419999999999999929e+00 6.429999999999999716e+00 6.440000000000000391e+00 6.450000000000000178e+00 6.459999999999999964e+00 6.469999999999999751e+00 6.480000000000000426e+00 6.490000000000000213e+00 6.500000000000000000e+00 6.509999999999999787e+00 6.520000000000000462e+00 6.530000000000000249e+00 6.540000000000000036e+00 6.549999999999999822e+00 6.560000000000000497e+00 6.570000000000000284e+00 6.580000000000000071e+00 6.589999999999999858e+00 6.600000000000000533e+00 6.610000000000000320e+00 6.620000000000000107e+00 6.629999999999999893e+00 6.640000000000000568e+00 6.650000000000000355e+00 6.660000000000000142e+00 6.669999999999999929e+00 6.679999999999999716e+00 6.690000000000000391e+00 6.700000000000000178e+00 6.709999999999999964e+00 6.719999999999999751e+00 6.730000000000000426e+00 6.740000000000000213e+00 6.750000000000000000e+00 6.759999999999999787e+00 6.770000000000000462e+00 6.780000000000000249e+00 6.790000000000000036e+00 6.799999999999999822e+00 6.810000000000000497e+00 6.820000000000000284e+00 6.830000000000000071e+00 6.839999999999999858e+00 6.850000000000000533e+00 6.860000000000000320e+00 6.870000000000000107e+00 6.879999999999999893e+00 6.890000000000000568e+00 6.900000000000000355e+00 6.910000000000000142e+00 6.919999999999999929e+00 6.929999999999999716e+00 6.940000000000000391e+00 6.950000000000000178e+00 6.959999999999999964e+00 6.969999999999999751e+00 6.980000000000000426e+00 6.990000000000000213e+00 7.000000000000000000e+00 7.009999999999999787e+00 7.020000000000000462e+00 7.030000000000000249e+00 7.040000000000000036e+00 7.049999999999999822e+00 7.060000000000000497e+00 7.070000000000000284e+00 7.080000000000000071e+00 7.089999999999999858e+00 7.100000000000000533e+00 7.110000000000000320e+00 7.120000000000000107e+00 7.129999999999999893e+00 7.140000000000000568e+00 7.150000000000000355e+00 7.160000000000000142e+00 7.169999999999999929e+00 7.179999999999999716e+00 7.190000000000000391e+00 7.200000000000000178e+00 7.209999999999999964e+00 7.219999999999999751e+00 7.230000000000000426e+00 7.240000000000000213e+00 7.250000000000000000e+00 7.259999999999999787e+00 7.270000000000000462e+00 7.280000000000000249e+00 7.290000000000000036e+00 7.299999999999999822e+00 7.310000000000000497e+00 7.320000000000000284e+00 7.330000000000000071e+00 7.339999999999999858e+00 7.350000000000000533e+00 7.360000000000000320e+00 7.370000000000000107e+00 7.379999999999999893e+00 7.390000000000000568e+00 7.400000000000000355e+00 7.410000000000000142e+00 7.419999999999999929e+00 7.429999999999999716e+00 7.440000000000000391e+00 7.450000000000000178e+00 7.459999999999999964e+00 7.469999999999999751e+00 7.480000000000000426e+00 7.490000000000000213e+00 7.500000000000000000e+00 7.509999999999999787e+00 7.520000000000000462e+00 7.530000000000000249e+00 7.540000000000000036e+00 7.549999999999999822e+00 7.560000000000000497e+00 7.570000000000000284e+00 7.580000000000000071e+00 7.589999999999999858e+00 7.600000000000000533e+00 7.610000000000000320e+00 7.620000000000000107e+00 7.629999999999999893e+00 7.640000000000000568e+00 7.650000000000000355e+00 7.660000000000000142e+00 7.669999999999999929e+00 7.679999999999999716e+00 7.690000000000000391e+00 7.700000000000000178e+00 7.709999999999999964e+00 7.719999999999999751e+00 7.730000000000000426e+00 7.740000000000000213e+00 7.750000000000000000e+00 7.759999999999999787e+00 7.770000000000000462e+00 7.780000000000000249e+00 7.790000000000000036e+00 7.799999999999999822e+00 7.810000000000000497e+00 7.820000000000000284e+00 7.830000000000000071e+00 7.839999999999999858e+00 7.850000000000000533e+00 7.860000000000000320e+00 7.870000000000000107e+00 7.879999999999999893e+00 7.890000000000000568e+00 7.900000000000000355e+00 7.910000000000000142e+00 7.919999999999999929e+00 7.930000000000000604e+00 7.940000000000000391e+00 7.950000000000000178e+00 7.959999999999999964e+00 7.969999999999999751e+00 7.980000000000000426e+00 7.990000000000000213e+00 8.000000000000000000e+00 8.009999999999999787e+00 8.019999999999999574e+00 8.029999999999999361e+00 8.040000000000000924e+00 8.050000000000000711e+00 8.060000000000000497e+00 8.070000000000000284e+00 8.080000000000000071e+00 8.089999999999999858e+00 8.099999999999999645e+00 8.109999999999999432e+00 8.120000000000000995e+00 8.130000000000000782e+00 8.140000000000000568e+00 8.150000000000000355e+00 8.160000000000000142e+00 8.169999999999999929e+00 8.179999999999999716e+00 8.189999999999999503e+00 8.199999999999999289e+00 8.210000000000000853e+00 8.220000000000000639e+00 8.230000000000000426e+00 8.240000000000000213e+00 8.250000000000000000e+00 8.259999999999999787e+00 8.269999999999999574e+00 8.279999999999999361e+00 8.290000000000000924e+00 8.300000000000000711e+00 8.310000000000000497e+00 8.320000000000000284e+00 8.330000000000000071e+00 8.339999999999999858e+00 8.349999999999999645e+00 8.359999999999999432e+00 8.370000000000000995e+00 8.380000000000000782e+00 8.390000000000000568e+00 8.400000000000000355e+00 8.410000000000000142e+00 8.419999999999999929e+00 8.429999999999999716e+00 8.439999999999999503e+00 8.449999999999999289e+00 8.460000000000000853e+00 8.470000000000000639e+00 8.480000000000000426e+00 8.490000000000000213e+00 8.500000000000000000e+00 8.509999999999999787e+00 8.519999999999999574e+00 8.529999999999999361e+00 8.540000000000000924e+00 8.550000000000000711e+00 8.560000000000000497e+00 8.570000000000000284e+00 8.580000000000000071e+00 8.589999999999999858e+00 8.599999999999999645e+00 8.609999999999999432e+00 8.620000000000000995e+00 8.630000000000000782e+00 8.640000000000000568e+00 8.650000000000000355e+00 8.660000000000000142e+00 8.669999999999999929e+00 8.679999999999999716e+00 8.689999999999999503e+00 8.700000000000001066e+00 8.710000000000000853e+00 8.720000000000000639e+00 8.730000000000000426e+00 8.740000000000000213e+00 8.750000000000000000e+00 8.759999999999999787e+00 8.769999999999999574e+00 8.779999999999999361e+00 8.790000000000000924e+00 8.800000000000000711e+00 8.810000000000000497e+00 8.820000000000000284e+00 8.830000000000000071e+00 8.839999999999999858e+00 8.849999999999999645e+00 8.859999999999999432e+00 8.870000000000000995e+00 8.880000000000000782e+00 8.890000000000000568e+00 8.900000000000000355e+00 8.910000000000000142e+00 8.919999999999999929e+00 8.929999999999999716e+00 8.939999999999999503e+00 8.950000000000001066e+00 8.960000000000000853e+00 8.970000000000000639e+00 8.980000000000000426e+00 8.990000000000000213e+00 9.000000000000000000e+00 9.009999999999999787e+00 9.019999999999999574e+00 9.029999999999999361e+00 9.040000000000000924e+00 9.050000000000000711e+00 9.060000000000000497e+00 9.070000000000000284e+00 9.080000000000000071e+00 9.089999999999999858e+00 9.099999999999999645e+00 9.109999999999999432e+00 9.120000000000000995e+00 9.130000000000000782e+00 9.140000000000000568e+00 9.150000000000000355e+00 9.160000000000000142e+00 9.169999999999999929e+00 9.179999999999999716e+00 9.189999999999999503e+00 9.200000000000001066e+00 9.210000000000000853e+00 9.220000000000000639e+00 9.230000000000000426e+00 9.240000000000000213e+00 9.250000000000000000e+00 9.259999999999999787e+00 9.269999999999999574e+00 9.279999999999999361e+00 9.290000000000000924e+00 9.300000000000000711e+00 9.310000000000000497e+00 9.320000000000000284e+00 9.330000000000000071e+00 9.339999999999999858e+00 9.349999999999999645e+00 9.359999999999999432e+00 9.370000000000000995e+00 9.380000000000000782e+00 9.390000000000000568e+00 9.400000000000000355e+00 9.410000000000000142e+00 9.419999999999999929e+00 9.429999999999999716e+00 9.439999999999999503e+00 9.450000000000001066e+00 9.460000000000000853e+00 9.470000000000000639e+00 9.480000000000000426e+00 9.490000000000000213e+00 9.500000000000000000e+00 9.509999999999999787e+00 9.519999999999999574e+00 9.529999999999999361e+00 9.540000000000000924e+00 9.550000000000000711e+00 9.560000000000000497e+00 9.570000000000000284e+00 9.580000000000000071e+00 9.589999999999999858e+00 9.599999999999999645e+00 9.609999999999999432e+00 9.620000000000000995e+00 9.630000000000000782e+00 9.640000000000000568e+00 9.650000000000000355e+00 9.660000000000000142e+00 9.669999999999999929e+00 9.679999999999999716e+00 9.689999999999999503e+00 9.700000000000001066e+00 9.710000000000000853e+00 9.720000000000000639e+00 9.730000000000000426e+00 9.740000000000000213e+00 9.750000000000000000e+00 9.759999999999999787e+00 9.769999999999999574e+00 9.779999999999999361e+00 9.790000000000000924e+00 9.800000000000000711e+00 9.810000000000000497e+00 9.820000000000000284e+00 9.830000000000000071e+00 9.839999999999999858e+00 9.849999999999999645e+00 9.859999999999999432e+00 9.870000000000000995e+00 9.880000000000000782e+00 9.890000000000000568e+00 9.900000000000000355e+00 9.910000000000000142e+00 9.919999999999999929e+00 9.929999999999999716e+00 9.939999999999999503e+00 9.950000000000001066e+00 9.960000000000000853e+00 9.970000000000000639e+00 9.980000000000000426e+00 9.990000000000000213e+00 1.000000000000000000e+01 1.000999999999999979e+01 1.001999999999999957e+01 1.002999999999999936e+01 1.004000000000000092e+01 1.005000000000000071e+01 1.006000000000000050e+01 1.007000000000000028e+01 1.008000000000000007e+01 1.008999999999999986e+01 1.009999999999999964e+01 1.010999999999999943e+01 1.012000000000000099e+01 1.013000000000000078e+01 1.014000000000000057e+01 1.015000000000000036e+01 1.016000000000000014e+01 1.016999999999999993e+01 1.017999999999999972e+01 1.018999999999999950e+01 1.020000000000000107e+01 1.021000000000000085e+01 1.022000000000000064e+01 1.023000000000000043e+01 1.024000000000000021e+01 1.025000000000000000e+01 1.025999999999999979e+01 1.026999999999999957e+01 1.027999999999999936e+01 1.029000000000000092e+01 1.030000000000000071e+01 1.031000000000000050e+01 1.032000000000000028e+01 1.033000000000000007e+01 1.033999999999999986e+01 1.034999999999999964e+01 1.035999999999999943e+01 1.037000000000000099e+01 1.038000000000000078e+01 1.039000000000000057e+01 1.040000000000000036e+01 1.041000000000000014e+01 1.041999999999999993e+01 1.042999999999999972e+01 1.043999999999999950e+01 1.045000000000000107e+01 1.046000000000000085e+01 1.047000000000000064e+01 1.048000000000000043e+01 1.049000000000000021e+01 1.050000000000000000e+01 1.050999999999999979e+01 1.051999999999999957e+01 1.052999999999999936e+01 1.054000000000000092e+01 1.055000000000000071e+01 1.056000000000000050e+01 1.057000000000000028e+01 1.058000000000000007e+01 1.058999999999999986e+01 1.059999999999999964e+01 1.060999999999999943e+01 1.062000000000000099e+01 1.063000000000000078e+01 1.064000000000000057e+01 1.065000000000000036e+01 1.066000000000000014e+01 1.066999999999999993e+01 1.067999999999999972e+01 1.068999999999999950e+01 1.070000000000000107e+01 1.071000000000000085e+01 1.072000000000000064e+01 1.073000000000000043e+01 1.074000000000000021e+01 1.075000000000000000e+01 1.075999999999999979e+01 1.076999999999999957e+01 1.077999999999999936e+01 1.079000000000000092e+01 1.080000000000000071e+01 1.081000000000000050e+01 1.082000000000000028e+01 1.083000000000000007e+01 1.083999999999999986e+01 1.084999999999999964e+01 1.085999999999999943e+01 1.087000000000000099e+01 1.088000000000000078e+01 1.089000000000000057e+01 1.090000000000000036e+01 1.091000000000000014e+01 1.091999999999999993e+01 1.092999999999999972e+01 1.093999999999999950e+01 1.095000000000000107e+01 1.096000000000000085e+01 1.097000000000000064e+01 1.098000000000000043e+01 1.099000000000000021e+01 1.100000000000000000e+01 1.100999999999999979e+01 1.101999999999999957e+01 1.102999999999999936e+01 1.104000000000000092e+01 1.105000000000000071e+01 1.106000000000000050e+01 1.107000000000000028e+01 1.108000000000000007e+01 1.108999999999999986e+01 1.109999999999999964e+01 1.110999999999999943e+01 1.112000000000000099e+01 1.113000000000000078e+01 1.114000000000000057e+01 1.115000000000000036e+01 1.116000000000000014e+01 1.116999999999999993e+01 1.117999999999999972e+01 1.118999999999999950e+01 1.120000000000000107e+01 1.121000000000000085e+01 1.122000000000000064e+01 1.123000000000000043e+01 1.124000000000000021e+01 1.125000000000000000e+01 1.125999999999999979e+01 1.126999999999999957e+01 1.127999999999999936e+01 1.129000000000000092e+01 1.130000000000000071e+01 1.131000000000000050e+01 1.132000000000000028e+01 1.133000000000000007e+01 1.133999999999999986e+01 1.134999999999999964e+01 1.135999999999999943e+01 1.137000000000000099e+01 1.138000000000000078e+01 1.139000000000000057e+01 1.140000000000000036e+01 1.141000000000000014e+01 1.141999999999999993e+01 1.142999999999999972e+01 1.143999999999999950e+01 1.145000000000000107e+01 1.146000000000000085e+01 1.147000000000000064e+01 1.148000000000000043e+01 1.149000000000000021e+01 1.150000000000000000e+01 1.150999999999999979e+01 1.151999999999999957e+01 1.152999999999999936e+01 1.154000000000000092e+01 1.155000000000000071e+01 1.156000000000000050e+01 1.157000000000000028e+01 1.158000000000000007e+01 1.158999999999999986e+01 1.159999999999999964e+01 1.160999999999999943e+01 1.162000000000000099e+01 1.163000000000000078e+01 1.164000000000000057e+01 1.165000000000000036e+01 1.166000000000000014e+01 1.166999999999999993e+01 1.167999999999999972e+01 1.168999999999999950e+01 1.170000000000000107e+01 1.171000000000000085e+01 1.172000000000000064e+01 1.173000000000000043e+01 1.174000000000000021e+01 1.175000000000000000e+01 1.175999999999999979e+01 1.176999999999999957e+01 1.177999999999999936e+01 1.179000000000000092e+01 1.180000000000000071e+01 1.181000000000000050e+01 1.182000000000000028e+01 1.183000000000000007e+01 1.183999999999999986e+01 1.184999999999999964e+01 1.185999999999999943e+01 1.187000000000000099e+01 1.188000000000000078e+01 1.189000000000000057e+01 1.190000000000000036e+01 1.191000000000000014e+01 1.191999999999999993e+01 1.192999999999999972e+01 1.193999999999999950e+01 1.195000000000000107e+01 1.196000000000000085e+01 1.197000000000000064e+01 1.198000000000000043e+01 1.199000000000000021e+01 1.200000000000000000e+01
-1.062750302935008584e+01 -1.062750302935003965e+01 -1.062750302934997926e+01 -1.062750302934992952e+01 -1.062750302934987801e+01 -1.062750302934982471e+01 -1.062750302934976609e+01 -1.062750302934971991e+01 -1.062750302934966484e+01 -1.062750302934961333e+01 -1.062750302934956004e+01 -1.062750302934950852e+01 -1.062750302934945346e+01 -1.062750302934940017e+01 -1.062750302934935576e+01 -1.062750302934929891e+01 -1.062750302934924918e+01 -1.062750302934918878e+01 -1.062750302934914259e+01 -1.062750302934909286e+01 -1.062750302934903424e+01 -1.062750302934898983e+01 -1.062750302934893476e+01 -1.062750302934887792e+01 -1.062750302934883351e+01 -1.062750302934878022e+01 -1.062750302934871804e+01 -1.062750302934866475e+01 -1.062750302934861502e+01 -1.062750302934855995e+01 -1.062750302934850843e+01 -1.062750302934845514e+01 -1.062750302934840896e+01 -1.062750302934835211e+01 -1.062750302934828994e+01 -1.062750302934824731e+01 -1.062750302934819580e+01 -1.062750302934814606e+01 -1.062750302934808921e+01 -1.062750302934804303e+01 -1.062750302934798263e+01 -1.062750302934792579e+01 -1.062750302934788138e+01 -1.062750302934782987e+01 -1.062750302934777480e+01 -1.062750302934772151e+01 -1.062750302934766644e+01 -1.062750302934761493e+01 -1.062750302934757229e+01 -1.062750302934751900e+01 -1.062750302934745683e+01 -1.062750302934740709e+01 -1.062750302934735558e+01 -1.062750302934729874e+01 -1.062750302934723656e+01 -1.062750302934719748e+01 -1.062750302934715307e+01 -1.062750302934709445e+01 -1.062750302934704294e+01 -1.062750302934698787e+01 -1.062750302934692748e+01 -1.062750302934688129e+01 -1.062750302934682978e+01 -1.062750302934676760e+01 -1.062750302934672142e+01 -1.062750302934667523e+01 -1.062750302934662017e+01 -1.062750302934656155e+01 -1.062750302934651181e+01 -1.062750302934645497e+01 -1.062750302934641056e+01 -1.062750302934635371e+01 -1.062750302934630398e+01 -1.062750302934624358e+01 -1.062750302934619562e+01 -1.062750302934614233e+01 -1.062750302934609259e+01 -1.062750302934604463e+01 -1.062750302934598423e+01 -1.062750302934593449e+01 -1.062750302934587943e+01 -1.062750302934583146e+01 -1.062750302934578173e+01 -1.062750302934572666e+01 -1.062750302934567159e+01 -1.062750302934563251e+01 -1.062750302934556146e+01 -1.062750302934550106e+01 -1.062750302934546376e+01 -1.062750302934540869e+01 -1.062750302934536251e+01 -1.062750302934530389e+01 -1.062750302934525060e+01 -1.062750302934520086e+01 -1.062750302934514224e+01 -1.062750302934509250e+01 -1.062750302934504276e+01 -1.062750302934498414e+01 -1.062750302934493796e+01 -1.062750302934488111e+01 -1.062750302934482960e+01 -1.062750302934477631e+01 -1.062750302934472479e+01 -1.062750302934467506e+01 -1.062750302934461466e+01 -1.062750302934456492e+01 -1.062750302934450986e+01 -1.062750302934445656e+01 -1.062750302934441216e+01 -1.062750302934435531e+01 -1.062750302934430557e+01 -1.062750302934425051e+01 -1.062750302934419899e+01 -1.062750302934414925e+01 -1.062750302934409774e+01 -1.062750302934403734e+01 -1.062750302934398050e+01 -1.062750302934394497e+01 -1.062750302934389168e+01 -1.062750302934382773e+01 -1.062750302934377089e+01 -1.062750302934372471e+01 -1.062750302934368207e+01 -1.062750302934362701e+01 -1.062750302934357194e+01 -1.062750302934351332e+01 -1.062750302934346713e+01 -1.062750302934341029e+01 -1.062750302934335522e+01 -1.062750302934329660e+01 -1.062750302934325042e+01 -1.062750302934320246e+01 -1.062750302934314917e+01 -1.062750302934309410e+01 -1.062750302934303903e+01 -1.062750302934299640e+01 -1.062750302934293778e+01 -1.062750302934288804e+01 -1.062750302934283830e+01 -1.062750302934278679e+01 -1.062750302934272639e+01 -1.062750302934267665e+01 -1.062750302934262514e+01 -1.062750302934257185e+01 -1.062750302934252034e+01 -1.062750302934246527e+01 -1.062750302934241020e+01 -1.062750302934235869e+01 -1.062750302934230895e+01 -1.062750302934224855e+01 -1.062750302934220414e+01 -1.062750302934215263e+01 -1.062750302934209401e+01 -1.062750302934204605e+01 -1.062750302934199276e+01 -1.062750302934193769e+01 -1.062750302934189328e+01 -1.062750302934183466e+01 -1.062750302934178670e+01 -1.062750302934172453e+01 -1.062750302934167834e+01 -1.062750302934162505e+01 -1.062750302934157709e+01 -1.062750302934151669e+01 -1.062750302934146163e+01 -1.062750302934141544e+01 -1.062750302934136037e+01 -1.062750302934131597e+01 -1.062750302934125024e+01 -1.062750302934120583e+01 -1.062750302934114899e+01 -1.062750302934109214e+01 -1.062750302934104774e+01 -1.062750302934099089e+01 -1.062750302934093760e+01 -1.062750302934088609e+01 -1.062750302934083813e+01 -1.062750302934078128e+01 -1.062750302934072977e+01 -1.062750302934067648e+01 -1.062750302934061963e+01 -1.062750302934056990e+01 -1.062750302934051483e+01 -1.062750302934046687e+01 -1.062750302934041180e+01 -1.062750302934036384e+01 -1.062750302934031232e+01 -1.062750302934025193e+01 -1.062750302934020041e+01 -1.062750302934015423e+01 -1.062750302934010094e+01 -1.062750302934005120e+01 -1.062750302933999258e+01 -1.062750302933994107e+01 -1.062750302933988955e+01 -1.062750302933983981e+01 -1.062750302933978297e+01 -1.062750302933972435e+01 -1.062750302933967284e+01 -1.062750302933961954e+01 -1.062750302933957158e+01 -1.062750302933952007e+01 -1.062750302933946855e+01 -1.062750302933941526e+01 -1.062750302933936020e+01 -1.062750302933931401e+01 -1.062750302933925362e+01 -1.062750302933920210e+01 -1.062750302933915592e+01 -1.062750302933910618e+01 -1.062750302933905289e+01 -1.062750302933899782e+01 -1.062750302933894098e+01 -1.062750302933888769e+01 -1.062750302933883795e+01 -1.062750302933878821e+01 -1.062750302933872604e+01 -1.062750302933867630e+01 -1.062750302933862478e+01 -1.062750302933857505e+01 -1.062750302933852176e+01 -1.062750302933846491e+01 -1.062750302933841695e+01 -1.062750302933836366e+01 -1.062750302933831748e+01 -1.062750302933826063e+01 -1.062750302933820734e+01 -1.062750302933815405e+01 -1.062750302933810076e+01 -1.062750302933804569e+01 -1.062750302933800128e+01 -1.062750302933794977e+01 -1.062750302933788760e+01 -1.062750302933783253e+01 -1.062750302933778457e+01 -1.062750302933772240e+01 -1.062750302933767976e+01 -1.062750302933762647e+01 -1.062750302933757318e+01 -1.062750302933751811e+01 -1.062750302933746660e+01 -1.062750302933742041e+01 -1.062750302933736002e+01 -1.062750302933731028e+01 -1.062750302933726587e+01 -1.062750302933720903e+01 -1.062750302933716284e+01 -1.062750302933709889e+01 -1.062750302933705093e+01 -1.062750302933699942e+01 -1.062750302933694257e+01 -1.062750302933689106e+01 -1.062750302933683422e+01 -1.062750302933677737e+01 -1.062750302933672764e+01 -1.062750302933668500e+01 -1.062750302933663704e+01 -1.062750302933657132e+01 -1.062750302933651625e+01 -1.062750302933647006e+01 -1.062750302933642210e+01 -1.062750302933637059e+01 -1.062750302933631552e+01 -1.062750302933625868e+01 -1.062750302933621782e+01 -1.062750302933615565e+01 -1.062750302933609881e+01 -1.062750302933604907e+01 -1.062750302933599222e+01 -1.062750302933594604e+01 -1.062750302933589985e+01 -1.062750302933584479e+01 -1.062750302933579327e+01 -1.062750302933573820e+01 -1.062750302933567426e+01 -1.062750302933562985e+01 -1.062750302933557300e+01 -1.062750302933552149e+01 -1.062750302933547175e+01 -1.062750302933541846e+01 -1.062750302933536517e+01 -1.062750302933531721e+01 -1.062750302933526214e+01 -1.062750302933520885e+01 -1.062750302933515734e+01 -1.062750302933511293e+01 -1.062750302933505786e+01 -1.062750302933500102e+01 -1.062750302933494062e+01 -1.062750302933489621e+01 -1.062750302933483937e+01 -1.062750302933478252e+01 -1.062750302933473279e+01 -1.062750302933468127e+01 -1.062750302933463509e+01 -1.062750302933458357e+01 -1.062750302933452673e+01 -1.062750302933446989e+01 -1.062750302933441837e+01 -1.062750302933437574e+01 -1.062750302933431357e+01 -1.062750302933426205e+01 -1.062750302933420521e+01 -1.062750302933415192e+01 -1.062750302933409863e+01 -1.062750302933405067e+01 -1.062750302933399382e+01 -1.062750302933394764e+01 -1.062750302933389257e+01 -1.062750302933384106e+01 -1.062750302933379132e+01 -1.062750302933373270e+01 -1.062750302933368296e+01 -1.062750302933362967e+01 -1.062750302933357105e+01 -1.062750302933352309e+01 -1.062750302933347690e+01 -1.062750302933342184e+01 -1.062750302933337032e+01 -1.062750302933332058e+01 -1.062750302933326196e+01 -1.062750302933321223e+01 -1.062750302933316249e+01 -1.062750302933310742e+01 -1.062750302933304880e+01 -1.062750302933300617e+01 -1.062750302933294932e+01 -1.062750302933290669e+01 -1.062750302933284097e+01 -1.062750302933279123e+01 -1.062750302933273971e+01 -1.062750302933267932e+01 -1.062750302933262958e+01 -1.062750302933258340e+01 -1.062750302933253366e+01 -1.062750302933247681e+01 -1.062750302933242175e+01 -1.062750302933237379e+01 -1.062750302933231517e+01 -1.062750302933226010e+01 -1.062750302933220681e+01 -1.062750302933215885e+01 -1.062750302933211088e+01 -1.062750302933205404e+01 -1.062750302933199542e+01 -1.062750302933194746e+01 -1.062750302933189239e+01 -1.062750302933184798e+01 -1.062750302933179469e+01 -1.062750302933173785e+01 -1.062750302933168811e+01 -1.062750302933162949e+01 -1.062750302933157620e+01 -1.062750302933152469e+01 -1.062750302933147672e+01 -1.062750302933141811e+01 -1.062750302933136659e+01 -1.062750302933132041e+01 -1.062750302933127244e+01 -1.062750302933121205e+01 -1.062750302933115876e+01 -1.062750302933110724e+01 -1.062750302933105395e+01 -1.062750302933100599e+01 -1.062750302933095448e+01 -1.062750302933089763e+01 -1.062750302933084789e+01 -1.062750302933079460e+01 -1.062750302933073954e+01 -1.062750302933069513e+01 -1.062750302933063828e+01 -1.062750302933058677e+01 -1.062750302933053348e+01 -1.062750302933047664e+01 -1.062750302933042335e+01 -1.062750302933037361e+01 -1.062750302933032032e+01 -1.062750302933026525e+01 -1.062750302933021374e+01 -1.062750302933015867e+01 -1.062750302933010715e+01 -1.062750302933005564e+01 -1.062750302932999880e+01 -1.062750302932994728e+01 -1.062750302932989932e+01 -1.062750302932984781e+01 -1.062750302932979629e+01 -1.062750302932974655e+01 -1.062750302932969149e+01 -1.062750302932963820e+01 -1.062750302932957780e+01 -1.062750302932953161e+01 -1.062750302932948543e+01 -1.062750302932942681e+01 -1.062750302932937529e+01 -1.062750302932932556e+01 -1.062750302932927582e+01 -1.062750302932921542e+01 -1.062750302932916924e+01 -1.062750302932911239e+01 -1.062750302932906088e+01 -1.062750302932900404e+01 -1.062750302932895075e+01 -1.062750302932890101e+01 -1.062750302932885482e+01 -1.062750302932879087e+01 -1.062750302932874291e+01 -1.062750302932869495e+01 -1.062750302932863988e+01 -1.062750302932858837e+01 -1.062750302932853153e+01 -1.062750302932848356e+01 -1.062750302932842494e+01 -1.062750302932836810e+01 -1.062750302932832014e+01 -1.062750302932827040e+01 -1.062750302932821356e+01 -1.062750302932816915e+01 -1.062750302932811586e+01 -1.062750302932806257e+01 -1.062750302932801105e+01 -1.062750302932794888e+01 -1.062750302932790092e+01 -1.062750302932785651e+01 -1.062750302932779967e+01 -1.062750302932772861e+01 -1.062750302932769308e+01 -1.062750302932763269e+01 -1.062750302932758295e+01 -1.062750302932753854e+01 -1.062750302932747992e+01 -1.062750302932742485e+01 -1.062750302932737867e+01 -1.062750302932732005e+01 -1.062750302932727031e+01 -1.062750302932721880e+01 -1.062750302932716195e+01 -1.062750302932711399e+01 -1.062750302932706248e+01 -1.062750302932700386e+01 -1.062750302932695590e+01 -1.062750302932690261e+01 -1.062750302932684932e+01 -1.062750302932679425e+01 -1.062750302932674629e+01 -1.062750302932668767e+01 -1.062750302932664326e+01 -1.062750302932658286e+01 -1.062750302932653312e+01 -1.062750302932648161e+01 -1.062750302932643542e+01 -1.062750302932637503e+01 -1.062750302932632707e+01 -1.062750302932626845e+01 -1.062750302932621871e+01 -1.062750302932616187e+01 -1.062750302932611035e+01 -1.062750302932605884e+01 -1.062750302932600910e+01 -1.062750302932595936e+01 -1.062750302932590074e+01 -1.062750302932585100e+01 -1.062750302932580304e+01 -1.062750302932574975e+01 -1.062750302932569113e+01 -1.062750302932563429e+01 -1.062750302932559165e+01 -1.062750302932553836e+01 -1.062750302932548152e+01 -1.062750302932542823e+01 -1.062750302932537849e+01 -1.062750302932532520e+01 -1.062750302932527013e+01 -1.062750302932521862e+01 -1.062750302932516711e+01 -1.062750302932510849e+01 -1.062750302932506941e+01 -1.062750302932500190e+01 -1.062750302932495394e+01 -1.062750302932491131e+01 -1.062750302932485269e+01 -1.062750302932480118e+01 -1.062750302932474966e+01 -1.062750302932469637e+01 -1.062750302932464486e+01 -1.062750302932458979e+01 -1.062750302932453295e+01 -1.062750302932448321e+01 -1.062750302932443880e+01 -1.062750302932438551e+01 -1.062750302932432866e+01 -1.062750302932427182e+01 -1.062750302932422208e+01 -1.062750302932416879e+01 -1.062750302932411905e+01 -1.062750302932406044e+01 -1.062750302932400892e+01 -1.062750302932395563e+01 -1.062750302932390589e+01 -1.062750302932385615e+01 -1.062750302932380109e+01 -1.062750302932374424e+01 -1.062750302932369628e+01 -1.062750302932364299e+01 -1.062750302932358615e+01 -1.062750302932354352e+01 -1.062750302932348667e+01 -1.062750302932342983e+01 -1.062750302932338187e+01 -1.062750302932332325e+01 -1.062750302932327529e+01 -1.062750302932321667e+01 -1.062750302932316870e+01 -1.062750302932312074e+01 -1.062750302932306390e+01 -1.062750302932301416e+01 -1.062750302932296087e+01 -1.062750302932291113e+01 -1.062750302932285429e+01 -1.062750302932280277e+01 -1.062750302932274415e+01 -1.062750302932270507e+01 -1.062750302932264646e+01 -1.062750302932258073e+01 -1.062750302932253454e+01 -1.062750302932248658e+01 -1.062750302932242974e+01 -1.062750302932238533e+01 -1.062750302932232493e+01 -1.062750302932228053e+01 -1.062750302932222191e+01 -1.062750302932217039e+01 -1.062750302932211710e+01 -1.062750302932207092e+01 -1.062750302932200874e+01 -1.062750302932195900e+01 -1.062750302932190571e+01 -1.062750302932184887e+01 -1.062750302932180624e+01 -1.062750302932174229e+01 -1.062750302932169966e+01 -1.062750302932164814e+01 -1.062750302932159663e+01 -1.062750302932154156e+01 -1.062750302932149005e+01 -1.062750302932142965e+01 -1.062750302932138169e+01 -1.062750302932133017e+01 -1.062750302932127155e+01 -1.062750302932122892e+01 -1.062750302932118274e+01 -1.062750302932112056e+01 -1.062750302932107083e+01 -1.062750302932101221e+01 -1.062750302932097313e+01 -1.062750302932090563e+01 -1.062750302932085411e+01 -1.062750302932080260e+01 -1.062750302932074753e+01 -1.062750302932070134e+01 -1.062750302932064805e+01 -1.062750302932058943e+01 -1.062750302932053970e+01 -1.062750302932049173e+01 -1.062750302932043844e+01 -1.062750302932039048e+01 -1.062750302932033541e+01 -1.062750302932027680e+01 -1.062750302932021995e+01 -1.062750302932017910e+01 -1.062750302932011870e+01 -1.062750302932006896e+01 -1.062750302932002278e+01 -1.062750302931996060e+01 -1.062750302931990909e+01 -1.062750302931985757e+01 -1.062750302931979540e+01 -1.062750302931975277e+01 -1.062750302931970658e+01 -1.062750302931965329e+01 -1.062750302931959467e+01 -1.062750302931954671e+01 -1.062750302931948987e+01 -1.062750302931944368e+01 -1.062750302931938151e+01 -1.062750302931932112e+01 -1.062750302931928026e+01 -1.062750302931922342e+01 -1.062750302931916835e+01 -1.062750302931911683e+01 -1.062750302931906887e+01 -1.062750302931901558e+01 -1.062750302931896229e+01 -1.062750302931890722e+01 -1.062750302931885393e+01 -1.062750302931880597e+01 -1.062750302931875979e+01 -1.062750302931870117e+01 -1.062750302931864788e+01 -1.062750302931859991e+01 -1.062750302931853419e+01 -1.062750302931848978e+01 -1.062750302931844004e+01 -1.062750302931838320e+01 -1.062750302931833168e+01 -1.062750302931828017e+01 -1.062750302931822688e+01 -1.062750302931817536e+01 -1.062750302931812207e+01 -1.062750302931807234e+01 -1.062750302931801727e+01 -1.062750302931796931e+01 -1.062750302931789825e+01 -1.062750302931785562e+01 -1.062750302931780411e+01 -1.062750302931775614e+01 -1.062750302931769575e+01 -1.062750302931764956e+01 -1.062750302931759450e+01 -1.062750302931754476e+01 -1.062750302931749147e+01 -1.062750302931744173e+01 -1.062750302931738666e+01 -1.062750302931733515e+01 -1.062750302931727830e+01 -1.062750302931721968e+01 -1.062750302931717883e+01 -1.062750302931712021e+01 -1.062750302931706337e+01 -1.062750302931702429e+01 -1.062750302931695856e+01 -1.062750302931690705e+01 -1.062750302931685908e+01 -1.062750302931681645e+01 -1.062750302931675606e+01 -1.062750302931669921e+01 -1.062750302931665303e+01 -1.062750302931659263e+01 -1.062750302931654467e+01 -1.062750302931648427e+01 -1.062750302931644164e+01 -1.062750302931639546e+01 -1.062750302931634216e+01 -1.062750302931628887e+01 -1.062750302931622848e+01 -1.062750302931618407e+01 -1.062750302931612545e+01 -1.062750302931606861e+01 -1.062750302931602064e+01 -1.062750302931596913e+01 -1.062750302931591406e+01 -1.062750302931585544e+01 -1.062750302931580748e+01 -1.062750302931575774e+01 -1.062750302931569735e+01 -1.062750302931565471e+01 -1.062750302931559432e+01 -1.062750302931554458e+01 -1.062750302931548774e+01 -1.062750302931543978e+01 -1.062750302931539359e+01 -1.062750302931532609e+01 -1.062750302931528346e+01 -1.062750302931523194e+01 -1.062750302931518043e+01 -1.062750302931512181e+01 -1.062750302931507562e+01 -1.062750302931501523e+01 -1.062750302931496904e+01 -1.062750302931491397e+01 -1.062750302931486068e+01 -1.062750302931481095e+01 -1.062750302931474700e+01 -1.062750302931469726e+01 -1.062750302931465107e+01 -1.062750302931459601e+01 -1.062750302931454094e+01 -1.062750302931449475e+01 -1.062750302931443969e+01 -1.062750302931439172e+01 -1.062750302931433666e+01 -1.062750302931428159e+01 -1.062750302931423185e+01 -1.062750302931417856e+01 -1.062750302931412527e+01 -1.062750302931406843e+01 -1.062750302931402047e+01 -1.062750302931397250e+01 -1.062750302931391388e+01 -1.062750302931386948e+01 -1.062750302931381441e+01 -1.062750302931375757e+01 -1.062750302931370250e+01 -1.062750302931364921e+01 -1.062750302931360302e+01 -1.062750302931354973e+01 -1.062750302931349644e+01 -1.062750302931344137e+01 -1.062750302931338986e+01 -1.062750302931333835e+01 -1.062750302931328683e+01 -1.062750302931322999e+01 -1.062750302931317847e+01 -1.062750302931312874e+01 -1.062750302931307189e+01 -1.062750302931302748e+01 -1.062750302931296886e+01 -1.062750302931291913e+01 -1.062750302931285873e+01 -1.062750302931280544e+01 -1.062750302931275748e+01 -1.062750302931270774e+01 -1.062750302931265622e+01 -1.062750302931260649e+01 -1.062750302931254609e+01 -1.062750302931249635e+01 -1.062750302931244661e+01 -1.062750302931239155e+01 -1.062750302931234359e+01 -1.062750302931228497e+01 -1.062750302931223700e+01 -1.062750302931218016e+01 -1.062750302931213042e+01 -1.062750302931208068e+01 -1.062750302931202739e+01 -1.062750302931196877e+01 -1.062750302931191015e+01 -1.062750302931186575e+01 -1.062750302931181245e+01 -1.062750302931176449e+01 -1.062750302931170943e+01 -1.062750302931166146e+01 -1.062750302931159929e+01 -1.062750302931155311e+01 -1.062750302931149626e+01 -1.062750302931145185e+01 -1.062750302931139679e+01 -1.062750302931134350e+01 -1.062750302931129198e+01 -1.062750302931123692e+01 -1.062750302931118718e+01 -1.062750302931113566e+01 -1.062750302931106994e+01 -1.062750302931102375e+01 -1.062750302931097046e+01 -1.062750302931091362e+01 -1.062750302931086743e+01 -1.062750302931081592e+01 -1.062750302931075375e+01 -1.062750302931070934e+01 -1.062750302931066138e+01 -1.062750302931059743e+01 -1.062750302931054946e+01 -1.062750302931050506e+01 -1.062750302931044466e+01 -1.062750302931038959e+01 -1.062750302931033808e+01 -1.062750302931028301e+01 -1.062750302931023150e+01 -1.062750302931017465e+01 -1.062750302931013380e+01 -1.062750302931008051e+01 -1.062750302931002189e+01 -1.062750302930997215e+01 -1.062750302930991708e+01 -1.062750302930986557e+01 -1.062750302930980872e+01 -1.062750302930976076e+01 -1.062750302930970392e+01 -1.062750302930965773e+01 -1.062750302930960800e+01 -1.062750302930955471e+01 -1.062750302930949786e+01 -1.062750302930945523e+01 -1.062750302930940194e+01 -1.062750302930933799e+01 -1.062750302930929180e+01 -1.062750302930924029e+01 -1.062750302930918522e+01 -1.062750302930914437e+01 -1.062750302930907864e+01 -1.062750302930902713e+01 -1.062750302930897028e+01 -1.062750302930892055e+01 -1.062750302930886726e+01 -1.062750302930881396e+01 -1.062750302930876956e+01 -1.062750302930870738e+01 -1.062750302930865764e+01 -1.062750302930860080e+01 -1.062750302930855817e+01 -1.062750302930850310e+01 -1.062750302930845159e+01 -1.062750302930839297e+01 -1.062750302930834856e+01 -1.062750302930829172e+01 -1.062750302930823665e+01 -1.062750302930818336e+01 -1.062750302930813007e+01 -1.062750302930807855e+01 -1.062750302930802704e+01 -1.062750302930797552e+01 -1.062750302930792401e+01 -1.062750302930786184e+01 -1.062750302930780677e+01 -1.062750302930776947e+01 -1.062750302930772328e+01 -1.062750302930765223e+01 -1.062750302930760427e+01 -1.062750302930755275e+01 -1.062750302930750124e+01 -1.062750302930745150e+01 -1.062750302930739466e+01 -1.062750302930734314e+01 -1.062750302930729163e+01 -1.062750302930724366e+01 -1.062750302930718149e+01 -1.062750302930712998e+01 -1.062750302930708735e+01 -1.062750302930702873e+01 -1.062750302930697366e+01 -1.062750302930692570e+01 -1.062750302930687063e+01 -1.062750302930682089e+01 -1.062750302930676760e+01 -1.062750302930671609e+01 -1.062750302930665924e+01 -1.062750302930661306e+01 -1.062750302930655799e+01 -1.062750302930650470e+01 -1.062750302930645141e+01 -1.062750302930638924e+01 -1.062750302930634660e+01 -1.062750302930628798e+01 -1.062750302930624180e+01 -1.062750302930619561e+01 -1.062750302930612811e+01 -1.062750302930608015e+01 -1.062750302930602864e+01 -1.062750302930597002e+01 -1.062750302930592206e+01 -1.062750302930587054e+01 -1.062750302930581725e+01 -1.062750302930576751e+01 -1.062750302930571245e+01 -1.062750302930566804e+01 -1.062750302930560764e+01 -1.062750302930555435e+01 -1.062750302930551349e+01 -1.062750302930544954e+01 -1.062750302930539448e+01 -1.062750302930535362e+01 -1.062750302930529500e+01 -1.062750302930523638e+01 -1.062750302930518664e+01 -1.062750302930512980e+01 -1.062750302930508894e+01 -1.062750302930503210e+01 -1.062750302930497348e+01 -1.062750302930492374e+01 -1.062750302930487223e+01 -1.062750302930482071e+01 -1.062750302930476742e+01 -1.062750302930471946e+01 -1.062750302930466084e+01 -1.062750302930460933e+01 -1.062750302930455959e+01 -1.062750302930450097e+01 -1.062750302930444946e+01 -1.062750302930439616e+01 -1.062750302930434820e+01 -1.062750302930430202e+01 -1.062750302930424517e+01 -1.062750302930419011e+01 -1.062750302930413504e+01 -1.062750302930408175e+01 -1.062750302930403379e+01 -1.062750302930397872e+01 -1.062750302930392721e+01 -1.062750302930386859e+01 -1.062750302930382240e+01 -1.062750302930376556e+01 -1.062750302930371582e+01 -1.062750302930366253e+01 -1.062750302930361102e+01 -1.062750302930355772e+01 -1.062750302930350266e+01 -1.062750302930345647e+01 -1.062750302930339963e+01 -1.062750302930334634e+01 -1.062750302930329838e+01 -1.062750302930323620e+01 -1.062750302930319712e+01 -1.062750302930314028e+01 -1.062750302930308344e+01 -1.062750302930303903e+01 -1.062750302930297686e+01 -1.062750302930292357e+01 -1.062750302930288449e+01 -1.062750302930282231e+01 -1.062750302930276725e+01 -1.062750302930272106e+01 -1.062750302930266955e+01 -1.062750302930261093e+01 -1.062750302930255053e+01 -1.062750302930250434e+01 -1.062750302930245283e+01 -1.062750302930240132e+01 -1.062750302930234803e+01 -1.062750302930230184e+01 -1.062750302930224144e+01 -1.062750302930218638e+01 -1.062750302930213842e+01 -1.062750302930208690e+01 -1.062750302930203361e+01 -1.062750302930198210e+01 -1.062750302930192525e+01 -1.062750302930188084e+01 -1.062750302930182045e+01 -1.062750302930176893e+01 -1.062750302930171920e+01 -1.062750302930166768e+01 -1.062750302930161084e+01 -1.062750302930155577e+01 -1.062750302930151491e+01 -1.062750302930145452e+01 -1.062750302930140123e+01 -1.062750302930134794e+01 -1.062750302930129465e+01 -1.062750302930124491e+01 -1.062750302930118984e+01 -1.062750302930113300e+01 -1.062750302930108326e+01 -1.062750302930103175e+01 -1.062750302930098734e+01 -1.062750302930092872e+01 -1.062750302930088075e+01 -1.062750302930083279e+01 -1.062750302930076884e+01 -1.062750302930071911e+01 -1.062750302930066226e+01 -1.062750302930061252e+01 -1.062750302930056634e+01 -1.062750302930051127e+01 -1.062750302930045798e+01 -1.062750302930040824e+01 -1.062750302930034785e+01 -1.062750302930029278e+01 -1.062750302930024127e+01 -1.062750302930019153e+01 -1.062750302930014357e+01 -1.062750302930008672e+01 -1.062750302930003521e+01 -1.062750302929999435e+01 -1.062750302929993040e+01 -1.062750302929988067e+01 -1.062750302929982560e+01 -1.062750302929977408e+01 -1.062750302929972257e+01 -1.062750302929966573e+01 -1.062750302929961776e+01 -1.062750302929956092e+01 -1.062750302929951296e+01 -1.062750302929946145e+01 -1.062750302929939572e+01 -1.062750302929934243e+01 -1.062750302929929802e+01 -1.062750302929924651e+01 -1.062750302929918256e+01 -1.062750302929913815e+01 -1.062750302929908486e+01 -1.062750302929904400e+01 -1.062750302929898183e+01 -1.062750302929892676e+01 -1.062750302929888591e+01 -1.062750302929882551e+01 -1.062750302929877400e+01 -1.062750302929871182e+01 -1.062750302929866564e+01 -1.062750302929861945e+01 -1.062750302929856616e+01 -1.062750302929851465e+01 -1.062750302929845958e+01 -1.062750302929840984e+01 -1.062750302929836010e+01 -1.062750302929830859e+01 -1.062750302929824642e+01 -1.062750302929819313e+01 -1.062750302929813806e+01 -1.062750302929809187e+01 -1.062750302929803681e+01 -1.062750302929798529e+01 -1.062750302929793200e+01 -1.062750302929788049e+01 -1.062750302929782720e+01 -1.062750302929777924e+01 -1.062750302929772239e+01 -1.062750302929766733e+01 -1.062750302929760871e+01 -1.062750302929756252e+01 -1.062750302929750568e+01 -1.062750302929746482e+01 -1.062750302929741508e+01 -1.062750302929735824e+01 -1.062750302929730317e+01 -1.062750302929725521e+01 -1.062750302929720192e+01 -1.062750302929713975e+01 -1.062750302929708823e+01 -1.062750302929704027e+01 -1.062750302929699231e+01 -1.062750302929693547e+01 -1.062750302929688040e+01 -1.062750302929683777e+01 -1.062750302929677915e+01 -1.062750302929672586e+01 -1.062750302929668145e+01 -1.062750302929662283e+01 -1.062750302929657131e+01 -1.062750302929650559e+01 -1.062750302929645940e+01 -1.062750302929641144e+01 -1.062750302929635993e+01 -1.062750302929629953e+01 -1.062750302929624624e+01 -1.062750302929620005e+01 -1.062750302929614676e+01 -1.062750302929609170e+01 -1.062750302929603841e+01 -1.062750302929599577e+01 -1.062750302929593360e+01 -1.062750302929588031e+01 -1.062750302929582702e+01 -1.062750302929577195e+01 -1.062750302929572221e+01 -1.062750302929566715e+01 -1.062750302929562096e+01 -1.062750302929556945e+01 -1.062750302929551616e+01 -1.062750302929546820e+01 -1.062750302929540780e+01 -1.062750302929535806e+01 -1.062750302929531010e+01 -1.062750302929525681e+01 -1.062750302929520174e+01 -1.062750302929514490e+01 -1.062750302929510049e+01 -1.062750302929504542e+01 -1.062750302929498858e+01 -1.062750302929493351e+01 -1.062750302929488200e+01 -1.062750302929483048e+01 -1.062750302929477719e+01 -1.062750302929472745e+01 -1.062750302929467772e+01 -1.062750302929462265e+01 -1.062750302929456403e+01 -1.062750302929451962e+01 -1.062750302929446633e+01 -1.062750302929441304e+01 -1.062750302929435442e+01 -1.062750302929430646e+01 -1.062750302929424961e+01 -1.062750302929419988e+01 -1.062750302929414126e+01 -1.062750302929409507e+01 -1.062750302929403823e+01 -1.062750302929398671e+01 -1.062750302929393342e+01 -1.062750302929388546e+01 -1.062750302929383217e+01 -1.062750302929377533e+01 -1.062750302929372026e+01 -1.062750302929367052e+01 -1.062750302929362078e+01 -1.062750302929356216e+01 -1.062750302929352308e+01 -1.062750302929345736e+01 -1.062750302929341473e+01 -1.062750302929336321e+01 -1.062750302929330459e+01 -1.062750302929325308e+01 -1.062750302929320689e+01 -1.062750302929315005e+01 -1.062750302929309143e+01 -1.062750302929304524e+01 -1.062750302929298840e+01 -1.062750302929293689e+01 -1.062750302929288004e+01 -1.062750302929283386e+01 -1.062750302929278057e+01 -1.062750302929272195e+01 -1.062750302929267399e+01 -1.062750302929262602e+01 -1.062750302929256918e+01 -1.062750302929251411e+01 -1.062750302929246260e+01 -1.062750302929241641e+01 -1.062750302929235247e+01 -1.062750302929230273e+01 -1.062750302929224588e+01 -1.062750302929220148e+01 -1.062750302929214996e+01 -1.062750302929210022e+01 -1.062750302929204160e+01 -1.062750302929199187e+01 -1.062750302929193680e+01 -1.062750302929188884e+01 -1.062750302929183199e+01 -1.062750302929178048e+01 -1.062750302929173252e+01 -1.062750302929167745e+01 -1.062750302929162061e+01 -1.062750302929156554e+01 -1.062750302929152291e+01 -1.062750302929146784e+01 -1.062750302929141633e+01 -1.062750302929135948e+01 -1.062750302929130974e+01 -1.062750302929125645e+01 -1.062750302929120494e+01 -1.062750302929115342e+01 -1.062750302929109658e+01 -1.062750302929104151e+01 -1.062750302929099355e+01 -1.062750302929093493e+01 -1.062750302929089230e+01 -1.062750302929083368e+01 -1.062750302929078039e+01 -1.062750302929073065e+01 -1.062750302929068269e+01 -1.062750302929062052e+01 -1.062750302929057433e+01 -1.062750302929052459e+01 -1.062750302929046597e+01 -1.062750302929040913e+01 -1.062750302929036295e+01 -1.062750302929030966e+01 -1.062750302929025459e+01 -1.062750302929020130e+01 -1.062750302929014978e+01 -1.062750302929009827e+01 -1.062750302929004143e+01 -1.062750302928999524e+01 -1.062750302928994905e+01 -1.062750302928988155e+01 -1.062750302928984425e+01 -1.062750302928978563e+01 -1.062750302928972879e+01 -1.062750302928967727e+01 -1.062750302928962576e+01 -1.062750302928957602e+01 -1.062750302928951740e+01 -1.062750302928946766e+01 -1.062750302928941792e+01 -1.062750302928936286e+01 -1.062750302928930601e+01 -1.062750302928925628e+01 -1.062750302928919943e+01 -1.062750302928914969e+01 -1.062750302928909640e+01 -1.062750302928905022e+01 -1.062750302928900226e+01 -1.062750302928894719e+01 -1.062750302928889212e+01 -1.062750302928883706e+01 -1.062750302928878554e+01 -1.062750302928873047e+01 -1.062750302928868962e+01 -1.062750302928862745e+01 -1.062750302928857415e+01 -1.062750302928851731e+01 -1.062750302928846580e+01 -1.062750302928841428e+01 -1.062750302928837343e+01 -1.062750302928831125e+01 -1.062750302928825796e+01 -1.062750302928821000e+01 -1.062750302928815671e+01 -1.062750302928809809e+01 -1.062750302928804658e+01 -1.062750302928799506e+01 -1.062750302928794710e+01 -1.062750302928788493e+01 -1.062750302928783519e+01 -1.062750302928778545e+01 -1.062750302928772683e+01 -1.062750302928767709e+01 -1.062750302928762913e+01 -1.062750302928757229e+01 -1.062750302928751189e+01 -1.062750302928746393e+01 -1.062750302928742130e+01 -1.062750302928736978e+01 -1.062750302928730939e+01 -1.062750302928726498e+01 -1.062750302928720991e+01 -1.062750302928715307e+01 -1.062750302928710155e+01 -1.062750302928705359e+01 -1.062750302928698964e+01
