# Tue Jun 29 20:26:06 2021
# Spin blind formalism, bias turned off, lead sites decoupled
# Inputs:
# - Num. leads = (1, 1)
# - Num. impurity sites = 5
# - nelecs = (8, 0)
# - V_leads = 1.0
# - V_imp_leads = 0.4
# - V_bias = -0.005
# - D = 0.5
# - E = 0.1
# - alpha = 0.01
# - U = 1.0
# - E/U = 0.1
# - alpha/D = 0.02
# - alpha/(E^2/U) = 0.9999999999999998
# - alpha^2/(E^2/U) = 0.009999999999999998
0.000000000000000000e+00 1.000000000000000021e-03 2.000000000000000042e-03 3.000000000000000062e-03 4.000000000000000083e-03 5.000000000000000104e-03 6.000000000000000125e-03 7.000000000000000146e-03 8.000000000000000167e-03 9.000000000000001055e-03 1.000000000000000021e-02 1.099999999999999936e-02 1.200000000000000025e-02 1.300000000000000114e-02 1.400000000000000029e-02 1.499999999999999944e-02 1.600000000000000033e-02 1.700000000000000122e-02 1.800000000000000211e-02 1.899999999999999953e-02 2.000000000000000042e-02 2.100000000000000130e-02 2.199999999999999872e-02 2.299999999999999961e-02 2.400000000000000050e-02 2.500000000000000139e-02 2.600000000000000228e-02 2.699999999999999969e-02 2.800000000000000058e-02 2.900000000000000147e-02 2.999999999999999889e-02 3.099999999999999978e-02 3.200000000000000067e-02 3.300000000000000155e-02 3.400000000000000244e-02 3.500000000000000333e-02 3.600000000000000422e-02 3.699999999999999817e-02 3.799999999999999906e-02 3.899999999999999994e-02 4.000000000000000083e-02 4.100000000000000172e-02 4.200000000000000261e-02 4.300000000000000350e-02 4.399999999999999745e-02 4.499999999999999833e-02 4.599999999999999922e-02 4.700000000000000011e-02 4.800000000000000100e-02 4.900000000000000189e-02 5.000000000000000278e-02 5.100000000000000366e-02 5.200000000000000455e-02 5.299999999999999850e-02 5.399999999999999939e-02 5.500000000000000028e-02 5.600000000000000117e-02 5.700000000000000205e-02 5.800000000000000294e-02 5.900000000000000383e-02 5.999999999999999778e-02 6.099999999999999867e-02 6.199999999999999956e-02 6.300000000000000044e-02 6.400000000000000133e-02 6.500000000000000222e-02 6.600000000000000311e-02 6.700000000000000400e-02 6.800000000000000488e-02 6.900000000000000577e-02 7.000000000000000666e-02 7.100000000000000755e-02 7.200000000000000844e-02 7.299999999999999545e-02 7.399999999999999634e-02 7.499999999999999722e-02 7.599999999999999811e-02 7.699999999999999900e-02 7.799999999999999989e-02 7.900000000000000078e-02 8.000000000000000167e-02 8.100000000000000255e-02 8.200000000000000344e-02 8.300000000000000433e-02 8.400000000000000522e-02 8.500000000000000611e-02 8.600000000000000699e-02 8.700000000000000788e-02 8.799999999999999489e-02 8.899999999999999578e-02 8.999999999999999667e-02 9.099999999999999756e-02 9.199999999999999845e-02 9.299999999999999933e-02 9.400000000000000022e-02 9.500000000000000111e-02 9.600000000000000200e-02 9.700000000000000289e-02 9.800000000000000377e-02 9.900000000000000466e-02 1.000000000000000056e-01 1.010000000000000064e-01 1.020000000000000073e-01 1.030000000000000082e-01 1.040000000000000091e-01 1.049999999999999961e-01 1.059999999999999970e-01 1.069999999999999979e-01 1.079999999999999988e-01 1.089999999999999997e-01 1.100000000000000006e-01 1.110000000000000014e-01 1.120000000000000023e-01 1.130000000000000032e-01 1.140000000000000041e-01 1.150000000000000050e-01 1.160000000000000059e-01 1.170000000000000068e-01 1.180000000000000077e-01 1.190000000000000085e-01 1.199999999999999956e-01 1.209999999999999964e-01 1.219999999999999973e-01 1.229999999999999982e-01 1.239999999999999991e-01 1.250000000000000000e-01 1.260000000000000009e-01 1.270000000000000018e-01 1.280000000000000027e-01 1.290000000000000036e-01 1.300000000000000044e-01 1.310000000000000053e-01 1.320000000000000062e-01 1.330000000000000071e-01 1.340000000000000080e-01 1.350000000000000089e-01 1.360000000000000098e-01 1.370000000000000107e-01 1.380000000000000115e-01 1.390000000000000124e-01 1.400000000000000133e-01 1.410000000000000142e-01 1.420000000000000151e-01 1.430000000000000160e-01 1.440000000000000169e-01 1.449999999999999900e-01 1.459999999999999909e-01 1.469999999999999918e-01 1.479999999999999927e-01 1.489999999999999936e-01 1.499999999999999944e-01 1.509999999999999953e-01 1.519999999999999962e-01 1.529999999999999971e-01 1.539999999999999980e-01 1.549999999999999989e-01 1.559999999999999998e-01 1.570000000000000007e-01 1.580000000000000016e-01 1.590000000000000024e-01 1.600000000000000033e-01 1.610000000000000042e-01 1.620000000000000051e-01 1.630000000000000060e-01 1.640000000000000069e-01 1.650000000000000078e-01 1.660000000000000087e-01 1.670000000000000095e-01 1.680000000000000104e-01 1.690000000000000113e-01 1.700000000000000122e-01 1.710000000000000131e-01 1.720000000000000140e-01 1.730000000000000149e-01 1.740000000000000158e-01 1.750000000000000167e-01 1.759999999999999898e-01 1.769999999999999907e-01 1.779999999999999916e-01 1.789999999999999925e-01 1.799999999999999933e-01 1.809999999999999942e-01 1.819999999999999951e-01 1.829999999999999960e-01 1.839999999999999969e-01 1.849999999999999978e-01 1.859999999999999987e-01 1.869999999999999996e-01 1.880000000000000004e-01 1.890000000000000013e-01 1.900000000000000022e-01 1.910000000000000031e-01 1.920000000000000040e-01 1.930000000000000049e-01 1.940000000000000058e-01 1.950000000000000067e-01 1.960000000000000075e-01 1.970000000000000084e-01 1.980000000000000093e-01 1.990000000000000102e-01 2.000000000000000111e-01 2.010000000000000120e-01 2.020000000000000129e-01 2.030000000000000138e-01 2.040000000000000147e-01 2.050000000000000155e-01 2.060000000000000164e-01 2.070000000000000173e-01 2.080000000000000182e-01 2.089999999999999913e-01 2.099999999999999922e-01 2.109999999999999931e-01 2.119999999999999940e-01 2.129999999999999949e-01 2.139999999999999958e-01 2.149999999999999967e-01 2.159999999999999976e-01 2.169999999999999984e-01 2.179999999999999993e-01 2.190000000000000002e-01 2.200000000000000011e-01 2.210000000000000020e-01 2.220000000000000029e-01 2.230000000000000038e-01 2.240000000000000047e-01 2.250000000000000056e-01 2.260000000000000064e-01 2.270000000000000073e-01 2.280000000000000082e-01 2.290000000000000091e-01 2.300000000000000100e-01 2.310000000000000109e-01 2.320000000000000118e-01 2.330000000000000127e-01 2.340000000000000135e-01 2.350000000000000144e-01 2.360000000000000153e-01 2.370000000000000162e-01 2.380000000000000171e-01 2.390000000000000180e-01 2.399999999999999911e-01 2.409999999999999920e-01 2.419999999999999929e-01 2.429999999999999938e-01 2.439999999999999947e-01 2.449999999999999956e-01 2.459999999999999964e-01 2.469999999999999973e-01 2.479999999999999982e-01 2.489999999999999991e-01 2.500000000000000000e-01 2.510000000000000009e-01 2.520000000000000018e-01 2.530000000000000027e-01 2.540000000000000036e-01 2.550000000000000044e-01 2.560000000000000053e-01 2.570000000000000062e-01 2.580000000000000071e-01 2.590000000000000080e-01 2.600000000000000089e-01 2.610000000000000098e-01 2.620000000000000107e-01 2.630000000000000115e-01 2.640000000000000124e-01 2.650000000000000133e-01 2.660000000000000142e-01 2.670000000000000151e-01 2.680000000000000160e-01 2.690000000000000169e-01 2.700000000000000178e-01 2.710000000000000187e-01 2.720000000000000195e-01 2.730000000000000204e-01 2.740000000000000213e-01 2.750000000000000222e-01 2.760000000000000231e-01 2.770000000000000240e-01 2.780000000000000249e-01 2.790000000000000258e-01 2.800000000000000266e-01 2.810000000000000275e-01 2.820000000000000284e-01 2.830000000000000293e-01 2.840000000000000302e-01 2.850000000000000311e-01 2.860000000000000320e-01 2.870000000000000329e-01 2.880000000000000338e-01 2.889999999999999791e-01 2.899999999999999800e-01 2.909999999999999809e-01 2.919999999999999818e-01 2.929999999999999827e-01 2.939999999999999836e-01 2.949999999999999845e-01 2.959999999999999853e-01 2.969999999999999862e-01 2.979999999999999871e-01 2.989999999999999880e-01 2.999999999999999889e-01 3.009999999999999898e-01 3.019999999999999907e-01 3.029999999999999916e-01 3.039999999999999925e-01 3.049999999999999933e-01 3.059999999999999942e-01 3.069999999999999951e-01 3.079999999999999960e-01 3.089999999999999969e-01 3.099999999999999978e-01 3.109999999999999987e-01 3.119999999999999996e-01 3.130000000000000004e-01 3.140000000000000013e-01 3.150000000000000022e-01 3.160000000000000031e-01 3.170000000000000040e-01 3.180000000000000049e-01 3.190000000000000058e-01 3.200000000000000067e-01 3.210000000000000075e-01 3.220000000000000084e-01 3.230000000000000093e-01 3.240000000000000102e-01 3.250000000000000111e-01 3.260000000000000120e-01 3.270000000000000129e-01 3.280000000000000138e-01 3.290000000000000147e-01 3.300000000000000155e-01 3.310000000000000164e-01 3.320000000000000173e-01 3.330000000000000182e-01 3.340000000000000191e-01 3.350000000000000200e-01 3.360000000000000209e-01 3.370000000000000218e-01 3.380000000000000226e-01 3.390000000000000235e-01 3.400000000000000244e-01 3.410000000000000253e-01 3.420000000000000262e-01 3.430000000000000271e-01 3.440000000000000280e-01 3.450000000000000289e-01 3.460000000000000298e-01 3.470000000000000306e-01 3.480000000000000315e-01 3.490000000000000324e-01 3.500000000000000333e-01 3.510000000000000342e-01 3.519999999999999796e-01 3.529999999999999805e-01 3.539999999999999813e-01 3.549999999999999822e-01 3.559999999999999831e-01 3.569999999999999840e-01 3.579999999999999849e-01 3.589999999999999858e-01 3.599999999999999867e-01 3.609999999999999876e-01 3.619999999999999885e-01 3.629999999999999893e-01 3.639999999999999902e-01 3.649999999999999911e-01 3.659999999999999920e-01 3.669999999999999929e-01 3.679999999999999938e-01 3.689999999999999947e-01 3.699999999999999956e-01 3.709999999999999964e-01 3.719999999999999973e-01 3.729999999999999982e-01 3.739999999999999991e-01 3.750000000000000000e-01 3.760000000000000009e-01 3.770000000000000018e-01 3.780000000000000027e-01 3.790000000000000036e-01 3.800000000000000044e-01 3.810000000000000053e-01 3.820000000000000062e-01 3.830000000000000071e-01 3.840000000000000080e-01 3.850000000000000089e-01 3.860000000000000098e-01 3.870000000000000107e-01 3.880000000000000115e-01 3.890000000000000124e-01 3.900000000000000133e-01 3.910000000000000142e-01 3.920000000000000151e-01 3.930000000000000160e-01 3.940000000000000169e-01 3.950000000000000178e-01 3.960000000000000187e-01 3.970000000000000195e-01 3.980000000000000204e-01 3.990000000000000213e-01 4.000000000000000222e-01 4.010000000000000231e-01 4.020000000000000240e-01 4.030000000000000249e-01 4.040000000000000258e-01 4.050000000000000266e-01 4.060000000000000275e-01 4.070000000000000284e-01 4.080000000000000293e-01 4.090000000000000302e-01 4.100000000000000311e-01 4.110000000000000320e-01 4.120000000000000329e-01 4.130000000000000338e-01 4.140000000000000346e-01 4.150000000000000355e-01 4.160000000000000364e-01 4.169999999999999818e-01 4.179999999999999827e-01 4.189999999999999836e-01 4.199999999999999845e-01 4.209999999999999853e-01 4.219999999999999862e-01 4.229999999999999871e-01 4.239999999999999880e-01 4.249999999999999889e-01 4.259999999999999898e-01 4.269999999999999907e-01 4.279999999999999916e-01 4.289999999999999925e-01 4.299999999999999933e-01 4.309999999999999942e-01 4.319999999999999951e-01 4.329999999999999960e-01 4.339999999999999969e-01 4.349999999999999978e-01 4.359999999999999987e-01 4.369999999999999996e-01 4.380000000000000004e-01 4.390000000000000013e-01 4.400000000000000022e-01 4.410000000000000031e-01 4.420000000000000040e-01 4.430000000000000049e-01 4.440000000000000058e-01 4.450000000000000067e-01 4.460000000000000075e-01 4.470000000000000084e-01 4.480000000000000093e-01 4.490000000000000102e-01 4.500000000000000111e-01 4.510000000000000120e-01 4.520000000000000129e-01 4.530000000000000138e-01 4.540000000000000147e-01 4.550000000000000155e-01 4.560000000000000164e-01 4.570000000000000173e-01 4.580000000000000182e-01 4.590000000000000191e-01 4.600000000000000200e-01 4.610000000000000209e-01 4.620000000000000218e-01 4.630000000000000226e-01 4.640000000000000235e-01 4.650000000000000244e-01 4.660000000000000253e-01 4.670000000000000262e-01 4.680000000000000271e-01 4.690000000000000280e-01 4.700000000000000289e-01 4.710000000000000298e-01 4.720000000000000306e-01 4.730000000000000315e-01 4.740000000000000324e-01 4.750000000000000333e-01 4.760000000000000342e-01 4.770000000000000351e-01 4.780000000000000360e-01 4.790000000000000369e-01 4.799999999999999822e-01 4.809999999999999831e-01 4.819999999999999840e-01 4.829999999999999849e-01 4.839999999999999858e-01 4.849999999999999867e-01 4.859999999999999876e-01 4.869999999999999885e-01 4.879999999999999893e-01 4.889999999999999902e-01 4.899999999999999911e-01 4.909999999999999920e-01 4.919999999999999929e-01 4.929999999999999938e-01 4.939999999999999947e-01 4.949999999999999956e-01 4.959999999999999964e-01 4.969999999999999973e-01 4.979999999999999982e-01 4.989999999999999991e-01 5.000000000000000000e-01 5.010000000000000009e-01 5.020000000000000018e-01 5.030000000000000027e-01 5.040000000000000036e-01 5.050000000000000044e-01 5.060000000000000053e-01 5.070000000000000062e-01 5.080000000000000071e-01 5.090000000000000080e-01 5.100000000000000089e-01 5.110000000000000098e-01 5.120000000000000107e-01 5.130000000000000115e-01 5.140000000000000124e-01 5.150000000000000133e-01 5.160000000000000142e-01 5.170000000000000151e-01 5.180000000000000160e-01 5.190000000000000169e-01 5.200000000000000178e-01 5.210000000000000187e-01 5.220000000000000195e-01 5.230000000000000204e-01 5.240000000000000213e-01 5.250000000000000222e-01 5.260000000000000231e-01 5.270000000000000240e-01 5.280000000000000249e-01 5.290000000000000258e-01 5.300000000000000266e-01 5.310000000000000275e-01 5.320000000000000284e-01 5.330000000000000293e-01 5.340000000000000302e-01 5.350000000000000311e-01 5.360000000000000320e-01 5.370000000000000329e-01 5.380000000000000338e-01 5.390000000000000346e-01 5.400000000000000355e-01 5.410000000000000364e-01 5.420000000000000373e-01 5.430000000000000382e-01 5.440000000000000391e-01 5.450000000000000400e-01 5.460000000000000409e-01 5.470000000000000417e-01 5.480000000000000426e-01 5.490000000000000435e-01 5.500000000000000444e-01 5.510000000000000453e-01 5.520000000000000462e-01 5.530000000000000471e-01 5.540000000000000480e-01 5.550000000000000488e-01 5.560000000000000497e-01 5.570000000000000506e-01 5.580000000000000515e-01 5.590000000000000524e-01 5.600000000000000533e-01 5.610000000000000542e-01 5.620000000000000551e-01 5.630000000000000560e-01 5.640000000000000568e-01 5.650000000000000577e-01 5.660000000000000586e-01 5.670000000000000595e-01 5.680000000000000604e-01 5.690000000000000613e-01 5.700000000000000622e-01 5.710000000000000631e-01 5.720000000000000639e-01 5.730000000000000648e-01 5.740000000000000657e-01 5.750000000000000666e-01 5.760000000000000675e-01 5.769999999999999574e-01 5.779999999999999583e-01 5.789999999999999591e-01 5.799999999999999600e-01 5.809999999999999609e-01 5.819999999999999618e-01 5.829999999999999627e-01 5.839999999999999636e-01 5.849999999999999645e-01 5.859999999999999654e-01 5.869999999999999662e-01 5.879999999999999671e-01 5.889999999999999680e-01 5.899999999999999689e-01 5.909999999999999698e-01 5.919999999999999707e-01 5.929999999999999716e-01 5.939999999999999725e-01 5.949999999999999734e-01 5.959999999999999742e-01 5.969999999999999751e-01 5.979999999999999760e-01 5.989999999999999769e-01 5.999999999999999778e-01 6.009999999999999787e-01 6.019999999999999796e-01 6.029999999999999805e-01 6.039999999999999813e-01 6.049999999999999822e-01 6.059999999999999831e-01 6.069999999999999840e-01 6.079999999999999849e-01 6.089999999999999858e-01 6.099999999999999867e-01 6.109999999999999876e-01 6.119999999999999885e-01 6.129999999999999893e-01 6.139999999999999902e-01 6.149999999999999911e-01 6.159999999999999920e-01 6.169999999999999929e-01 6.179999999999999938e-01 6.189999999999999947e-01 6.199999999999999956e-01 6.209999999999999964e-01 6.219999999999999973e-01 6.229999999999999982e-01 6.239999999999999991e-01 6.250000000000000000e-01 6.260000000000000009e-01 6.270000000000000018e-01 6.280000000000000027e-01 6.290000000000000036e-01 6.300000000000000044e-01 6.310000000000000053e-01 6.320000000000000062e-01 6.330000000000000071e-01 6.340000000000000080e-01 6.350000000000000089e-01 6.360000000000000098e-01 6.370000000000000107e-01 6.380000000000000115e-01 6.390000000000000124e-01 6.400000000000000133e-01 6.410000000000000142e-01 6.420000000000000151e-01 6.430000000000000160e-01 6.440000000000000169e-01 6.450000000000000178e-01 6.460000000000000187e-01 6.470000000000000195e-01 6.480000000000000204e-01 6.490000000000000213e-01 6.500000000000000222e-01 6.510000000000000231e-01 6.520000000000000240e-01 6.530000000000000249e-01 6.540000000000000258e-01 6.550000000000000266e-01 6.560000000000000275e-01 6.570000000000000284e-01 6.580000000000000293e-01 6.590000000000000302e-01 6.600000000000000311e-01 6.610000000000000320e-01 6.620000000000000329e-01 6.630000000000000338e-01 6.640000000000000346e-01 6.650000000000000355e-01 6.660000000000000364e-01 6.670000000000000373e-01 6.680000000000000382e-01 6.690000000000000391e-01 6.700000000000000400e-01 6.710000000000000409e-01 6.720000000000000417e-01 6.730000000000000426e-01 6.740000000000000435e-01 6.750000000000000444e-01 6.760000000000000453e-01 6.770000000000000462e-01 6.780000000000000471e-01 6.790000000000000480e-01 6.800000000000000488e-01 6.810000000000000497e-01 6.820000000000000506e-01 6.830000000000000515e-01 6.840000000000000524e-01 6.850000000000000533e-01 6.860000000000000542e-01 6.870000000000000551e-01 6.880000000000000560e-01 6.890000000000000568e-01 6.900000000000000577e-01 6.910000000000000586e-01 6.920000000000000595e-01 6.930000000000000604e-01 6.940000000000000613e-01 6.950000000000000622e-01 6.960000000000000631e-01 6.970000000000000639e-01 6.980000000000000648e-01 6.990000000000000657e-01 7.000000000000000666e-01 7.010000000000000675e-01 7.020000000000000684e-01 7.030000000000000693e-01 7.039999999999999591e-01 7.049999999999999600e-01 7.059999999999999609e-01 7.069999999999999618e-01 7.079999999999999627e-01 7.089999999999999636e-01 7.099999999999999645e-01 7.109999999999999654e-01 7.119999999999999662e-01 7.129999999999999671e-01 7.139999999999999680e-01 7.149999999999999689e-01 7.159999999999999698e-01 7.169999999999999707e-01 7.179999999999999716e-01 7.189999999999999725e-01 7.199999999999999734e-01 7.209999999999999742e-01 7.219999999999999751e-01 7.229999999999999760e-01 7.239999999999999769e-01 7.249999999999999778e-01 7.259999999999999787e-01 7.269999999999999796e-01 7.279999999999999805e-01 7.289999999999999813e-01 7.299999999999999822e-01 7.309999999999999831e-01 7.319999999999999840e-01 7.329999999999999849e-01 7.339999999999999858e-01 7.349999999999999867e-01 7.359999999999999876e-01 7.369999999999999885e-01 7.379999999999999893e-01 7.389999999999999902e-01 7.399999999999999911e-01 7.409999999999999920e-01 7.419999999999999929e-01 7.429999999999999938e-01 7.439999999999999947e-01 7.449999999999999956e-01 7.459999999999999964e-01 7.469999999999999973e-01 7.479999999999999982e-01 7.489999999999999991e-01 7.500000000000000000e-01 7.510000000000000009e-01 7.520000000000000018e-01 7.530000000000000027e-01 7.540000000000000036e-01 7.550000000000000044e-01 7.560000000000000053e-01 7.570000000000000062e-01 7.580000000000000071e-01 7.590000000000000080e-01 7.600000000000000089e-01 7.610000000000000098e-01 7.620000000000000107e-01 7.630000000000000115e-01 7.640000000000000124e-01 7.650000000000000133e-01 7.660000000000000142e-01 7.670000000000000151e-01 7.680000000000000160e-01 7.690000000000000169e-01 7.700000000000000178e-01 7.710000000000000187e-01 7.720000000000000195e-01 7.730000000000000204e-01 7.740000000000000213e-01 7.750000000000000222e-01 7.760000000000000231e-01 7.770000000000000240e-01 7.780000000000000249e-01 7.790000000000000258e-01 7.800000000000000266e-01 7.810000000000000275e-01 7.820000000000000284e-01 7.830000000000000293e-01 7.840000000000000302e-01 7.850000000000000311e-01 7.860000000000000320e-01 7.870000000000000329e-01 7.880000000000000338e-01 7.890000000000000346e-01 7.900000000000000355e-01 7.910000000000000364e-01 7.920000000000000373e-01 7.930000000000000382e-01 7.940000000000000391e-01 7.950000000000000400e-01 7.960000000000000409e-01 7.970000000000000417e-01 7.980000000000000426e-01 7.990000000000000435e-01 8.000000000000000444e-01 8.010000000000000453e-01 8.020000000000000462e-01 8.030000000000000471e-01 8.040000000000000480e-01 8.050000000000000488e-01 8.060000000000000497e-01 8.070000000000000506e-01 8.080000000000000515e-01 8.090000000000000524e-01 8.100000000000000533e-01 8.110000000000000542e-01 8.120000000000000551e-01 8.130000000000000560e-01 8.140000000000000568e-01 8.150000000000000577e-01 8.160000000000000586e-01 8.170000000000000595e-01 8.180000000000000604e-01 8.190000000000000613e-01 8.200000000000000622e-01 8.210000000000000631e-01 8.220000000000000639e-01 8.230000000000000648e-01 8.240000000000000657e-01 8.250000000000000666e-01 8.260000000000000675e-01 8.270000000000000684e-01 8.280000000000000693e-01 8.290000000000000702e-01 8.300000000000000711e-01 8.310000000000000719e-01 8.320000000000000728e-01 8.329999999999999627e-01 8.339999999999999636e-01 8.349999999999999645e-01 8.359999999999999654e-01 8.369999999999999662e-01 8.379999999999999671e-01 8.389999999999999680e-01 8.399999999999999689e-01 8.409999999999999698e-01 8.419999999999999707e-01 8.429999999999999716e-01 8.439999999999999725e-01 8.449999999999999734e-01 8.459999999999999742e-01 8.469999999999999751e-01 8.479999999999999760e-01 8.489999999999999769e-01 8.499999999999999778e-01 8.509999999999999787e-01 8.519999999999999796e-01 8.529999999999999805e-01 8.539999999999999813e-01 8.549999999999999822e-01 8.559999999999999831e-01 8.569999999999999840e-01 8.579999999999999849e-01 8.589999999999999858e-01 8.599999999999999867e-01 8.609999999999999876e-01 8.619999999999999885e-01 8.629999999999999893e-01 8.639999999999999902e-01 8.649999999999999911e-01 8.659999999999999920e-01 8.669999999999999929e-01 8.679999999999999938e-01 8.689999999999999947e-01 8.699999999999999956e-01 8.709999999999999964e-01 8.719999999999999973e-01 8.729999999999999982e-01 8.739999999999999991e-01 8.750000000000000000e-01 8.760000000000000009e-01 8.770000000000000018e-01 8.780000000000000027e-01 8.790000000000000036e-01 8.800000000000000044e-01 8.810000000000000053e-01 8.820000000000000062e-01 8.830000000000000071e-01 8.840000000000000080e-01 8.850000000000000089e-01 8.860000000000000098e-01 8.870000000000000107e-01 8.880000000000000115e-01 8.890000000000000124e-01 8.900000000000000133e-01 8.910000000000000142e-01 8.920000000000000151e-01 8.930000000000000160e-01 8.940000000000000169e-01 8.950000000000000178e-01 8.960000000000000187e-01 8.970000000000000195e-01 8.980000000000000204e-01 8.990000000000000213e-01 9.000000000000000222e-01 9.010000000000000231e-01 9.020000000000000240e-01 9.030000000000000249e-01 9.040000000000000258e-01 9.050000000000000266e-01 9.060000000000000275e-01 9.070000000000000284e-01 9.080000000000000293e-01 9.090000000000000302e-01 9.100000000000000311e-01 9.110000000000000320e-01 9.120000000000000329e-01 9.130000000000000338e-01 9.140000000000000346e-01 9.150000000000000355e-01 9.160000000000000364e-01 9.170000000000000373e-01 9.180000000000000382e-01 9.190000000000000391e-01 9.200000000000000400e-01 9.210000000000000409e-01 9.220000000000000417e-01 9.230000000000000426e-01 9.240000000000000435e-01 9.250000000000000444e-01 9.260000000000000453e-01 9.270000000000000462e-01 9.280000000000000471e-01 9.290000000000000480e-01 9.300000000000000488e-01 9.310000000000000497e-01 9.320000000000000506e-01 9.330000000000000515e-01 9.340000000000000524e-01 9.350000000000000533e-01 9.360000000000000542e-01 9.370000000000000551e-01 9.380000000000000560e-01 9.390000000000000568e-01 9.400000000000000577e-01 9.410000000000000586e-01 9.420000000000000595e-01 9.430000000000000604e-01 9.440000000000000613e-01 9.450000000000000622e-01 9.460000000000000631e-01 9.470000000000000639e-01 9.480000000000000648e-01 9.490000000000000657e-01 9.500000000000000666e-01 9.510000000000000675e-01 9.520000000000000684e-01 9.530000000000000693e-01 9.540000000000000702e-01 9.550000000000000711e-01 9.560000000000000719e-01 9.570000000000000728e-01 9.580000000000000737e-01 9.590000000000000746e-01 9.599999999999999645e-01 9.609999999999999654e-01 9.619999999999999662e-01 9.629999999999999671e-01 9.639999999999999680e-01 9.649999999999999689e-01 9.659999999999999698e-01 9.669999999999999707e-01 9.679999999999999716e-01 9.689999999999999725e-01 9.699999999999999734e-01 9.709999999999999742e-01 9.719999999999999751e-01 9.729999999999999760e-01 9.739999999999999769e-01 9.749999999999999778e-01 9.759999999999999787e-01 9.769999999999999796e-01 9.779999999999999805e-01 9.789999999999999813e-01 9.799999999999999822e-01 9.809999999999999831e-01 9.819999999999999840e-01 9.829999999999999849e-01 9.839999999999999858e-01 9.849999999999999867e-01 9.859999999999999876e-01 9.869999999999999885e-01 9.879999999999999893e-01 9.889999999999999902e-01 9.899999999999999911e-01 9.909999999999999920e-01 9.919999999999999929e-01 9.929999999999999938e-01 9.939999999999999947e-01 9.949999999999999956e-01 9.959999999999999964e-01 9.969999999999999973e-01 9.979999999999999982e-01 9.989999999999999991e-01 1.000000000000000000e+00
0.000000000000000000e+00 8.238850569262479247e-11 1.647768452968644005e-10 2.471648526721882516e-10 3.295523617905665756e-10 4.119392065912126556e-10 4.943252207696757344e-10 5.767102384464049875e-10 6.590940933538059305e-10 7.414766189556385119e-10 8.238576496774355042e-10 9.062370189368749341e-10 9.886145605014964517e-10 1.070990108389366555e-09 1.153363495568879398e-09 1.235734556119193315e-09 1.318103123805226311e-09 1.400469032042579673e-09 1.482832114538212101e-09 1.565192203595315022e-09 1.647549133926874330e-09 1.729902738996527137e-09 1.812252850969035368e-09 1.894599303407848711e-09 1.976941929585045378e-09 2.059280562609669177e-09 2.141615035678595610e-09 2.223945181237204107e-09 2.306270832188323593e-09 2.388591821709410675e-09 2.470907982036019256e-09 2.553219145993321716e-09 2.635525145403439642e-09 2.717825814290200847e-09 2.800120982893365975e-09 2.882410485323229681e-09 2.964694152184152732e-09 3.046971815915239153e-09 3.129243309760582810e-09 3.211508462792570405e-09 3.293767108710752616e-09 3.376019079768666666e-09 3.458264204078641178e-09 3.540502315630682617e-09 3.622733243923621964e-09 3.704956821268312201e-09 3.787172880310011857e-09 3.869381247490292369e-09 3.951581755633355008e-09 4.033774236274367857e-09 4.115958517978784117e-09 4.198134431683463036e-09 4.280301806769551369e-09 4.362460475920885695e-09 4.444610264340054484e-09 4.526751005530709710e-09 4.608882525835258331e-09 4.691004656984721640e-09 4.773117226099919120e-09 4.855220064039244495e-09 4.937312997980529843e-09 5.019395857554685799e-09 5.101468469027505852e-09 5.183530662767313953e-09 5.265582267552492827e-09 5.347623108280501388e-09 5.429653014521143128e-09 5.511671813248364168e-09 5.593679332999672239e-09 5.675675396850784204e-09 5.757659834578922404e-09 5.839632475224691608e-09 5.921593140885953810e-09 6.003541659407569609e-09 6.085477857653223607e-09 6.167401559806135689e-09 6.249312592197042951e-09 6.331210780852638191e-09 6.413095950053803201e-09 6.494967924976571474e-09 6.576826530155830461e-09 6.658671590797979454e-09 6.740502929811897124e-09 6.822320372439649136e-09 6.904123741201029906e-09 6.985912859366000640e-09 7.067687553078074373e-09 7.149447642441171071e-09 7.231192950676065298e-09 7.312923302864349682e-09 7.394638516476677575e-09 7.476338418268018055e-09 7.558022826509654244e-09 7.639691564878634359e-09 7.721344454196341745e-09 7.802981314088202160e-09 7.884601966667962776e-09 7.966206231643782304e-09 8.047793931233788182e-09 8.129364879858739433e-09 8.210918903741760263e-09 8.292455817725554528e-09 8.373975443060946310e-09 8.455477597140984531e-09 8.536962098951828268e-09 8.618428766937333679e-09 8.699877419298016930e-09 8.781307872203626077e-09 8.862719944221809821e-09 8.944113450627215806e-09 9.025488211009788707e-09 9.106844039005491671e-09 9.188180753012968819e-09 9.269498165567986759e-09 9.350796096319982651e-09 9.432074357524396558e-09 9.513332764779302091e-09 9.594571132758013056e-09 9.675789275176667910e-09 9.756987005443683993e-09 9.838164139142220847e-09 9.919320487957787785e-09 1.000045586541015389e-08 1.008157008361897588e-08 1.016266295434666935e-08 1.024373429072485551e-08 1.032478390235563874e-08 1.040581160244741584e-08 1.048681720303959874e-08 1.056780051209554611e-08 1.064876134068328026e-08 1.072969949861948283e-08 1.081061479504771893e-08 1.089150704056779684e-08 1.097237604318272366e-08 1.105322161080908102e-08 1.113404355181166331e-08 1.121484167504645967e-08 1.129561578649302467e-08 1.137636569418499428e-08 1.145709120457389908e-08 1.153779212331475596e-08 1.161846825742352058e-08 1.169911941140178419e-08 1.177974539196073602e-08 1.186034600320052005e-08 1.194092104900226765e-08 1.202147033430362662e-08 1.210199366269507031e-08 1.218249083744076584e-08 1.226296166173897060e-08 1.234340593781738116e-08 1.242382346809053272e-08 1.250421405473795678e-08 1.258457749913733749e-08 1.266491360225981294e-08 1.274522216489535874e-08 1.282550298691566259e-08 1.290575586905960681e-08 1.298598061044519180e-08 1.306617701011635720e-08 1.314634486691389367e-08 1.322648397933540624e-08 1.330659414544167579e-08 1.338667516246809424e-08 1.346672682783006457e-08 1.354674893824428683e-08 1.362674129023208102e-08 1.370670367956384761e-08 1.378663590199571323e-08 1.386653775260187684e-08 1.394640902616919635e-08 1.402624951705022178e-08 1.410605901933678743e-08 1.418583732645706238e-08 1.426558423135809604e-08 1.434529952714621640e-08 1.442498300601597673e-08 1.450463445960023664e-08 1.458425368000718016e-08 1.466384045751431821e-08 1.474339458390003626e-08 1.482291584819722960e-08 1.490240404067979270e-08 1.498185895102892860e-08 1.506128036789035248e-08 1.514066808054839606e-08 1.522002187615074711e-08 1.529934154332110458e-08 1.537862686829408783e-08 1.545787764022426377e-08 1.553709364281305415e-08 1.561627466363793657e-08 1.569542048752121544e-08 1.577453090042972198e-08 1.585360568732725479e-08 1.593264463143362792e-08 1.601164751742208121e-08 1.609061412891710531e-08 1.616954424863450978e-08 1.624843765933376610e-08 1.632729414381361366e-08 1.640611348280712665e-08 1.648489545768117829e-08 1.656363985055671948e-08 1.664234643978202631e-08 1.672101500852854260e-08 1.679964533378165187e-08 1.687823719623615963e-08 1.695679037374286232e-08 1.703530464491778115e-08 1.711377978824014152e-08 1.719221557982761449e-08 1.727061179838348884e-08 1.734896821893074482e-08 1.742728461955265300e-08 1.750556077277813820e-08 1.758379645759270999e-08 1.766199144648828182e-08 1.774014551622724256e-08 1.781825843709280770e-08 1.789632998644265821e-08 1.797435993445149672e-08 1.805234805597463066e-08 1.813029412167977222e-08 1.820819790468829945e-08 1.828605917665022136e-08 1.836387770660452823e-08 1.844165326715256618e-08 1.851938562680050536e-08 1.859707455656659725e-08 1.867471982442995898e-08 1.875232120014066165e-08 1.882987845219009534e-08 1.890739134694939430e-08 1.898485965452179277e-08 1.906228313950690853e-08 1.913966157066622597e-08 1.921699471151993851e-08 1.929428233000613181e-08 1.937152419108813166e-08 1.944872005926896764e-08 1.952586970010798555e-08 1.960297287635355645e-08 1.968002935286796766e-08 1.975703889216565362e-08 1.983400125705071088e-08 1.991091621021285013e-08 1.998778351198633894e-08 2.006460292520243516e-08 2.014137421200577055e-08 2.021809713056892174e-08 2.029477144368062287e-08 2.037139691054239047e-08 2.044797328923337607e-08 2.052450033919276175e-08 2.060097781949062832e-08 2.067740548946635354e-08 2.075378310378565868e-08 2.083011042250549074e-08 2.090638720137711319e-08 2.098261319673240081e-08 2.105878816541977950e-08 2.113491186273783318e-08 2.121098404245584103e-08 2.128700446201126094e-08 2.136297287408313480e-08 2.143888903240208267e-08 2.151475269285713329e-08 2.159056360595226373e-08 2.166632152438666601e-08 2.174202620380780566e-08 2.181767739200613015e-08 2.189327484401462895e-08 2.196881830941397020e-08 2.204430753844545813e-08 2.211974228215219966e-08 2.219512229170691101e-08 2.227044731542746987e-08 2.234571710093597922e-08 2.242093139998421147e-08 2.249608995882265196e-08 2.257119252720367499e-08 2.264623885159414972e-08 2.272122867881067396e-08 2.279616175655902830e-08 2.287103783110523582e-08 2.294585664848930409e-08 2.302061795351244838e-08 2.309532149288319370e-08 2.316996701147770118e-08 2.324455425416996144e-08 2.331908296205018290e-08 2.339355288207295033e-08 2.346796375690632578e-08 2.354231532934391416e-08 2.361660734230033358e-08 2.369083953761320309e-08 2.376501165764651313e-08 2.383912344378376390e-08 2.391317463798116566e-08 2.398716498063247385e-08 2.406109421089869330e-08 2.413496207127391675e-08 2.420876829996618074e-08 2.428251263677718120e-08 2.435619482134388601e-08 2.442981459122507104e-08 2.450337168607697747e-08 2.457686584351249862e-08 2.465029680102682332e-08 2.472366429590999629e-08 2.479696806549050962e-08 2.487020784672394914e-08 2.494338337519956703e-08 2.501649438742399520e-08 2.508954061852744693e-08 2.516252180580129705e-08 2.523543768128666608e-08 2.530828798218769438e-08 2.538107244165804386e-08 2.545379079445715235e-08 2.552644277335987606e-08 2.559902811315086197e-08 2.567154654562546863e-08 2.574399780447691131e-08 2.581638162210943951e-08 2.588869772985555128e-08 2.596094586088382092e-08 2.603312574622192713e-08 2.610523711726078344e-08 2.617727970484773324e-08 2.624925323976925266e-08 2.632115745260220695e-08 2.639299207326992581e-08 2.646475683179779317e-08 2.653645145755009699e-08 2.660807568011566507e-08 2.667962922827803507e-08 2.675111183077208992e-08 2.682252321615532201e-08 2.689386311256262045e-08 2.696513124797056852e-08 2.703632734991734380e-08 2.710745114604516332e-08 2.717850236338097724e-08 2.724948072843289829e-08 2.732038596843640223e-08 2.739121780919221348e-08 2.746197597724660422e-08 2.753266019842169967e-08 2.760327019861576206e-08 2.767380570251674610e-08 2.774426643565761450e-08 2.781465212336943837e-08 2.788496248980309396e-08 2.795519725941911758e-08 2.802535615711841661e-08 2.809543890579932727e-08 2.816544523066973693e-08 2.823537485450527453e-08 2.830522750055825665e-08 2.837500289198486164e-08 2.844470075289831911e-08 2.851432080373858451e-08 2.858386276947713035e-08 2.865332637094286896e-08 2.872271133102753233e-08 2.879201737179621782e-08 2.886124421402812747e-08 2.893039158002701347e-08 2.899945919147463781e-08 2.906844676894090600e-08 2.913735403450635389e-08 2.920618070717908727e-08 2.927492651009160065e-08 2.934359116253536213e-08 2.941217438416907823e-08 2.948067589714758545e-08 2.954909542020793905e-08 2.961743267392879943e-08 2.968568737640601128e-08 2.975385924967396039e-08 2.982194801168300361e-08 2.988995338247114947e-08 2.995787508066877672e-08 3.002571282517118026e-08 3.009346633656525258e-08 3.016113533199973975e-08 3.022871953077368684e-08 3.029621865109494872e-08 3.036363241236077999e-08 3.043096053321432441e-08 3.049820272919092220e-08 3.056535872165780156e-08 3.063242822748452519e-08 3.069941096379828610e-08 3.076630664860289028e-08 3.083311500098835756e-08 3.089983573840702253e-08 3.096646857753397438e-08 3.103301323542061656e-08 3.109946943239838173e-08 3.116583688184890309e-08 3.123211530360451235e-08 3.129830441379977260e-08 3.136440393215166686e-08 3.143041357186781602e-08 3.149633305364158064e-08 3.156216209176661679e-08 3.162790040398325026e-08 3.169354770803623388e-08 3.175910372206836645e-08 3.182456815995970050e-08 3.188994073903955230e-08 3.195522117722064531e-08 3.202040919126703367e-08 3.208550449778116026e-08 3.215050681369353443e-08 3.221541585613001251e-08 3.228023133953099901e-08 3.234495298241021374e-08 3.240958050333406460e-08 3.247411361518065680e-08 3.253855203782106718e-08 3.260289548642637870e-08 3.266714367759509688e-08 3.273129633053879739e-08 3.279535315872397556e-08 3.285931388075841155e-08 3.292317821293465331e-08 3.298694587339226368e-08 3.305061657789399137e-08 3.311419004432468052e-08 3.317766598796356961e-08 3.324104412761587027e-08 3.330432418051462156e-08 3.336750586460127990e-08 3.343058889456347754e-08 3.349357298942526504e-08 3.355645786711884097e-08 3.361924324249945751e-08 3.368192883655901461e-08 3.374451436473249231e-08 3.380699954593428347e-08 3.386938409871110247e-08 3.393166773894897439e-08 3.399385018436171551e-08 3.405593115606464117e-08 3.411791037012116366e-08 3.417978754456906292e-08 3.424156240000000262e-08 3.430323465351142376e-08 3.436480402338661349e-08 3.442627023108754197e-08 3.448763299232029273e-08 3.454889202844451700e-08 3.461004705811024733e-08 3.467109780112781244e-08 3.473204397639753649e-08 3.479288530422418385e-08 3.485362150298198518e-08 3.491425229523905629e-08 3.497477740045955411e-08 3.503519653814368743e-08 3.509550942888926091e-08 3.515571579410900431e-08 3.521581535533414600e-08 3.527580783217453919e-08 3.533569294716238020e-08 3.539547042206226818e-08 3.545513997715640862e-08 3.551470133558386383e-08 3.557415421971154621e-08 3.563349835056077689e-08 3.569273345183398775e-08 3.575185924681334997e-08 3.581087545705837487e-08 3.586978180683042357e-08 3.592857801920284717e-08 3.598726381910442905e-08 3.604583892864867316e-08 3.610430307291811922e-08 3.616265597737599531e-08 3.622089736586741866e-08 3.627902696322502779e-08 3.633704449504835692e-08 3.639494968688351101e-08 3.645274226545872878e-08 3.651042195522299577e-08 3.656798848360693289e-08 3.662544157743015254e-08 3.668278096273664961e-08 3.674000636793780331e-08 3.679711751979378151e-08 3.685411414665939750e-08 3.691099597667376232e-08 3.696776273831125324e-08 3.702441416006546460e-08 3.708094997153417758e-08 3.713736990221564702e-08 3.719367368175283139e-08 3.724986104036371205e-08 3.730593170853958408e-08 3.736188541716206592e-08 3.741772189733905954e-08 3.747344088056802926e-08 3.752904209891081483e-08 3.758452528443872555e-08 3.763989016994555012e-08 3.769513648834155751e-08 3.775026397307723842e-08 3.780527235781258523e-08 3.786016137677757733e-08 3.791493076440947895e-08 3.796958025574788739e-08 3.802410958593913272e-08 3.807851849091358649e-08 3.813280670640397042e-08 3.818697396955184701e-08 3.824102001698933475e-08 3.829494458578744095e-08 3.834874741406975694e-08 3.840242824013558041e-08 3.845598680261779451e-08 3.850942284026130244e-08 3.856273609274505315e-08 3.861592629997110938e-08 3.866899320275102225e-08 3.872193654108473971e-08 3.877475605717627550e-08 3.882745149294826297e-08 3.888002258989264568e-08 3.893246909101096521e-08 3.898479073936199078e-08 3.903698727904811563e-08 3.908905845418954714e-08 3.914100400856250470e-08 3.919282368818421862e-08 3.924451723874354176e-08 3.929608440572609201e-08 3.934752493624928299e-08 3.939883857733006227e-08 3.945002507679761586e-08 3.950108418108282393e-08 3.955201564220693782e-08 3.960281920680889678e-08 3.965349462454737872e-08 3.970404164770035212e-08 3.975446002468287183e-08 3.980474950916195434e-08 3.985490985232735579e-08 3.990494080557320545e-08 3.995484212226212398e-08 4.000461355573363711e-08 4.005425486206611854e-08 4.010376579387571466e-08 4.015314610638978912e-08 4.020239555624479784e-08 4.025151390097841333e-08 4.030050089501827440e-08 4.034935629808234945e-08 4.039807986714927586e-08 4.044667136150099857e-08 4.049513053994811516e-08 4.054345716331294632e-08 4.059165099189316847e-08 4.063971178572603509e-08 4.068763930785645486e-08 4.073543332107086567e-08 4.078309358665589460e-08 4.083061987044406883e-08 4.087801193555796599e-08 4.092526954739849704e-08 4.097239247081693457e-08 4.101938047280261456e-08 4.106623331972206552e-08 4.111295077888905026e-08 4.115953261957814008e-08 4.120597860955845081e-08 4.125228851820944024e-08 4.129846211691963567e-08 4.134449917510256814e-08 4.139039946463572132e-08 4.143616275794353060e-08 4.148178882890201418e-08 4.152727745007274738e-08 4.157262839542068025e-08 4.161784143978440456e-08 4.166291635862923704e-08 4.170785293094053174e-08 4.175265093091658308e-08 4.179731013693873120e-08 4.184183032721624945e-08 4.188621128204536802e-08 4.193045278092806488e-08 4.197455460317212246e-08 4.201851653261010042e-08 4.206233834925316265e-08 4.210601983633082104e-08 4.214956077762756612e-08 4.219296095850811441e-08 4.223622016272210897e-08 4.227933817576387561e-08 4.232231478570612164e-08 4.236514977712725892e-08 4.240784294272204843e-08 4.245039406611384592e-08 4.249280294033605349e-08 4.253506935577868192e-08 4.257719310132882764e-08 4.261917397112065176e-08 4.266101175709675000e-08 4.270270625153323729e-08 4.274425725038517061e-08 4.278566454812455810e-08 4.282692794051826982e-08 4.286804722537209664e-08 4.290902219845359023e-08 4.294985265881327621e-08 4.299053840630041243e-08 4.303107923955822742e-08 4.307147496002540987e-08 4.311172536787886720e-08 4.315183026917118243e-08 4.319178946302720836e-08 4.323160275566536782e-08 4.327126995146205167e-08 4.331079085649228272e-08 4.335016527602507900e-08 4.338939301857033229e-08 4.342847389364562569e-08 4.346740770784242724e-08 4.350619427199914879e-08 4.354483339669851074e-08 4.358332489406259673e-08 4.362166857670697977e-08 4.365986425813779535e-08 4.369791175271464408e-08 4.373581087419716251e-08 4.377356143967189442e-08 4.381116326631927188e-08 4.384861617162731904e-08 4.388591997378288868e-08 4.392307449299219986e-08 4.396007954877790280e-08 4.399693496396622180e-08 4.403364055917799853e-08 4.407019615829578019e-08 4.410660158524954778e-08 4.414285666496813932e-08 4.417896122317824492e-08 4.421491508789603842e-08 4.425071808470880020e-08 4.428637004362658659e-08 4.432187079339231908e-08 4.435722016472285003e-08 4.439241798915836768e-08 4.442746409904051227e-08 4.446235832701434049e-08 4.449710050799943072e-08 4.453169047655409520e-08 4.456612806896098021e-08 4.460041312210118071e-08 4.463454547361735365e-08 4.466852496306773424e-08 4.470235142966543147e-08 4.473602471443531809e-08 4.476954465904871183e-08 4.480291110623931486e-08 4.483612389948665508e-08 4.486918288346888483e-08 4.490208790390220193e-08 4.493483880727327994e-08 4.496743544097247067e-08 4.499987765371871699e-08 4.503216529480306633e-08 4.506429821463742233e-08 4.509627626482558310e-08 4.512809929766914307e-08 4.515976716661270147e-08 4.519127972600429095e-08 4.522263683126569079e-08 4.525383833881311678e-08 4.528488410604124012e-08 4.531577399100012375e-08 4.534650785338104960e-08 4.537708555340578044e-08 4.540750695268855489e-08 4.543777191344854531e-08 4.546788029884479310e-08 4.549783197351442544e-08 4.552762680294365383e-08 4.555726465351027136e-08 4.558674539282324675e-08 4.561606888896674745e-08 4.564523501168989664e-08 4.567424363142473784e-08 4.570309461959661288e-08 4.573178784918572492e-08 4.576032319344158727e-08 4.578870052732806824e-08 4.581691972617582787e-08 4.584498066662848680e-08 4.587288322664840996e-08 4.590062728512198260e-08 4.592821272174484390e-08 4.595563941793850899e-08 4.598290725377014027e-08 4.601001611520710665e-08 4.603696588300180696e-08 4.606375644424557649e-08 4.609038768439223735e-08 4.611685949198828114e-08 4.614317175254567082e-08 4.616932435660707671e-08 4.619531719600042252e-08 4.622115016088248225e-08 4.624682314394701935e-08 4.627233603789295883e-08 4.629768873855209621e-08 4.632288114087729133e-08 4.634791314133605115e-08 4.637278464014837096e-08 4.639749553252397996e-08 4.642204572001503125e-08 4.644643510478410415e-08 4.647066358758553273e-08 4.649473107119021818e-08 4.651863746224243743e-08 4.654238266380365705e-08 4.656596658252394425e-08 4.658938912721236721e-08 4.661265020621555380e-08 4.663574972727415927e-08 4.665868760271190250e-08 4.668146374479385858e-08 4.670407806618923658e-08 4.672653048014555071e-08 4.674882090345256725e-08 4.677094925093688818e-08 4.679291543995501762e-08 4.681471938909276919e-08 4.683636101851349581e-08 4.685784024969428527e-08 4.687915700168994275e-08 4.690031119876185921e-08 4.692130276456894036e-08 4.694213162621097133e-08 4.696279770688781228e-08 4.698330093444453809e-08 4.700364123918440589e-08 4.702381854839903391e-08 4.704383279341982510e-08 4.706368390633012264e-08 4.708337181874495977e-08 4.710289646581851820e-08 4.712225778276734248e-08 4.714145570557509781e-08 4.716049016968270644e-08 4.717936111414697498e-08 4.719806848113692749e-08 4.721661220653028390e-08 4.723499223653436399e-08 4.725320851157337012e-08 4.727126097618870681e-08 4.728914957509185353e-08 4.730687425392706492e-08 4.732443496240583608e-08 4.734183164589696391e-08 4.735906425564329305e-08 4.737613274237582201e-08 4.739303705501221059e-08 4.740977715128457505e-08 4.742635298196934266e-08 4.744276450308708049e-08 4.745901167056442760e-08 4.747509444235014877e-08 4.749101277690578136e-08 4.750676663269574792e-08 4.752235597165907958e-08 4.753778075520745003e-08 4.755304094486040395e-08 4.756813650967196980e-08 4.758306740889098883e-08 4.759783361176215131e-08 4.761243508685618726e-08 4.762687180250421560e-08 4.764114372500832092e-08 4.765525082768540368e-08 4.766919308531133224e-08 4.768297046667037493e-08 4.769658294761125338e-08 4.771003050365103612e-08 4.772331311117388208e-08 4.773643074931175158e-08 4.774938339408303091e-08 4.776217102667238530e-08 4.777479362763591537e-08 4.778725118080775909e-08 4.779954366824495286e-08 4.781167107336110924e-08 4.782363338527296660e-08 4.783543058629244544e-08 4.784706266720753307e-08 4.785852961435480057e-08 4.786983142093009846e-08 4.788096807463743324e-08 4.789193957060325527e-08 4.790274590072900314e-08 4.791338705957709590e-08 4.792386304469530037e-08 4.793417385040393639e-08 4.794431947618704179e-08 4.795429992020639623e-08 4.796411518249660236e-08 4.797376526580966358e-08 4.798325017051732150e-08 4.799256990216090535e-08 4.800172446433911402e-08 4.801071386254228272e-08 4.801953810398258599e-08 4.802819719647242706e-08 4.803669115043981384e-08 4.804501997405357179e-08 4.805318368035296579e-08 4.806118228077891618e-08 4.806901579021123090e-08 4.807668422140586879e-08 4.808418759194328322e-08 4.809152591789433617e-08 4.809869921740336013e-08 4.810570751034996689e-08 4.811255081666836880e-08 4.811922915713337238e-08 4.812574255466985818e-08 4.813209103290183979e-08 4.813827461711058385e-08 4.814429333205833759e-08 4.815014720565482336e-08 4.815583626563418950e-08 4.816136054098836210e-08 4.816672006210259010e-08 4.817191486040675232e-08 4.817694496825885731e-08 4.818181041926947019e-08 4.818651124824283065e-08 4.819104749078232752e-08 4.819541918391543037e-08 4.819962636555257443e-08 4.820366907476629768e-08 4.820754735174442904e-08 4.821126123773887593e-08 4.821481077516280149e-08 4.821819600729452696e-08 4.822141697884849813e-08 4.822447373536474657e-08 4.822736632366892781e-08 4.823009479146446176e-08 4.823265918768220508e-08 4.823505956258297528e-08 4.823729596638694553e-08 4.823936845208126768e-08 4.824127707268309048e-08 4.824302188240418354e-08 4.824460293644551859e-08 4.824602029160739793e-08 4.824727400535738066e-08 4.824836413657200564e-08 4.824929074375954431e-08 4.825005388946610065e-08 4.825065363375826170e-08 4.825109004100347066e-08 4.825136317427232355e-08 4.825147309862893491e-08 4.825141988066418294e-08 4.825120358740770228e-08 4.825082428643737626e-08 4.825028204869609205e-08 4.824957694166069783e-08 4.824870903892894671e-08 4.824767841204881839e-08 4.824648513616754731e-08 4.824512928264356972e-08 4.824361093008375333e-08 4.824193015285974158e-08 4.824008703210840360e-08 4.823808164148444884e-08 4.823591406483893777e-08 4.823358438157054187e-08 4.823109267374264534e-08 4.822843902409140153e-08 4.822562351683472881e-08 4.822264623648252047e-08 4.821950726930719315e-08 4.821620670164738426e-08 4.821274462177028627e-08 4.820912111961011205e-08 4.820533628529913459e-08 4.820139020868372017e-08 4.819728298204924659e-08 4.819301470089697799e-08 4.818858545683544003e-08 4.818399534550650432e-08 4.817924446433605926e-08 4.817433290896048397e-08 4.816926077800808968e-08 4.816402817158093892e-08 4.815863518906492128e-08 4.815308193156261062e-08 4.814736850172516221e-08 4.814149500221670810e-08 4.813546153830350529e-08 4.812926821429924279e-08 4.812291513774399121e-08 4.811640241433959423e-08 4.810973015202471762e-08 4.810289846155457055e-08 4.809590745266756528e-08 4.808875723455127798e-08 4.808144792071437705e-08 4.807397962565735357e-08 4.806635246125246785e-08 4.805856654350829355e-08 4.805062198840402288e-08 4.804251891159226392e-08 4.803425743319632418e-08 4.802583767114033572e-08 4.801725974484935975e-08 4.800852377506770467e-08 4.799962988522342999e-08 4.799057819525827377e-08 4.798136883016478522e-08 4.797200191590211049e-08 4.796247757525005096e-08 4.795279593752161944e-08 4.794295712767015015e-08 4.793296127631975041e-08 4.792280850910111612e-08 4.791249896117559245e-08 4.790203276029660604e-08 4.789141003917119763e-08 4.788063093250609393e-08 4.786969557231068494e-08 4.785860409359102427e-08 4.784735663279741623e-08 4.783595332647773940e-08 4.782439431260158403e-08 4.781267972829358533e-08 4.780080971357814948e-08 4.778878440978172448e-08 4.777660395680574454e-08 4.776426849886314081e-08 4.775177817481902253e-08 4.773913313245467876e-08 4.772633351512979393e-08 4.771337946870788848e-08 4.770027113916533676e-08 4.768700867476282200e-08 4.767359222391328823e-08 4.766002193452664117e-08 4.764629795801858311e-08 4.763242044502130427e-08 4.761838954747844668e-08 4.760420541716996327e-08 4.758986820797564137e-08 4.757537807515875764e-08 4.756073517263944595e-08 4.754593965675605969e-08 4.753099168654644624e-08 4.751589141784201639e-08 4.750063900905526235e-08 4.748523462161528493e-08 4.746967841296825073e-08 4.745397054581961348e-08 4.743811118274460881e-08 4.742210048641570250e-08 4.740593861823301755e-08 4.738962574620415600e-08 4.737316203364473972e-08 4.735654764734593215e-08 4.733978275327553443e-08 4.732286751970257076e-08 4.730580211568778306e-08 4.728858670999527307e-08 4.727122147278321314e-08 4.725370657525345261e-08 4.723604218930803262e-08 4.721822848732960611e-08 4.720026564297324159e-08 4.718215382998503710e-08 4.716389322353810299e-08 4.714548399915114567e-08 4.712692633376374284e-08 4.710822040347634049e-08 4.708936638776650497e-08 4.707036446410119787e-08 4.705121481327659085e-08 4.703191761515408192e-08 4.701247305094602706e-08 4.699288130212041418e-08
