# Tue Jun 29 11:54:43 2021
# Spin blind formalism, bias turned on
# Inputs:
# - Num. leads = (2, 2)
# - Num. impurity sites = 5
# - nelecs = (9, 0)
# - V_leads = 1.0
# - V_imp_leads = 0.4
# - V_bias = -0.005
# - D = 0.5
# - E = 0.1
# - alpha = 0.01
# - U = 1.0
# - E/U = 0.1
# - alpha/D = 0.02
# - alpha/(E^2/U) = 0.9999999999999998
# - alpha^2/(E^2/U) = 0.009999999999999998
0.000000000000000000e+00 1.000000000000000056e-01 2.000000000000000111e-01 3.000000000000000444e-01 4.000000000000000222e-01 5.000000000000000000e-01 6.000000000000000888e-01 7.000000000000000666e-01 8.000000000000000444e-01 9.000000000000000222e-01 1.000000000000000000e+00 1.100000000000000089e+00 1.200000000000000178e+00 1.300000000000000044e+00 1.400000000000000133e+00 1.500000000000000000e+00 1.600000000000000089e+00 1.700000000000000178e+00 1.800000000000000044e+00 1.900000000000000133e+00 2.000000000000000000e+00 2.100000000000000089e+00 2.200000000000000178e+00 2.300000000000000266e+00 2.400000000000000355e+00 2.500000000000000000e+00 2.600000000000000089e+00 2.700000000000000178e+00 2.800000000000000266e+00 2.900000000000000355e+00 3.000000000000000000e+00 3.100000000000000089e+00 3.200000000000000178e+00 3.300000000000000266e+00 3.400000000000000355e+00 3.500000000000000000e+00 3.600000000000000089e+00 3.700000000000000178e+00 3.800000000000000266e+00 3.900000000000000355e+00 4.000000000000000000e+00 4.100000000000000533e+00 4.200000000000000178e+00 4.299999999999999822e+00 4.400000000000000355e+00 4.500000000000000000e+00 4.600000000000000533e+00 4.700000000000000178e+00 4.800000000000000711e+00 4.900000000000000355e+00 5.000000000000000000e+00 5.100000000000000533e+00 5.200000000000000178e+00 5.300000000000000711e+00 5.400000000000000355e+00 5.500000000000000000e+00 5.600000000000000533e+00 5.700000000000000178e+00 5.800000000000000711e+00 5.900000000000000355e+00 6.000000000000000000e+00 6.100000000000000533e+00 6.200000000000000178e+00 6.300000000000000711e+00 6.400000000000000355e+00 6.500000000000000000e+00 6.600000000000000533e+00 6.700000000000000178e+00 6.800000000000000711e+00 6.900000000000000355e+00 7.000000000000000000e+00 7.100000000000000533e+00 7.200000000000000178e+00 7.300000000000000711e+00 7.400000000000000355e+00 7.500000000000000000e+00 7.600000000000000533e+00 7.700000000000000178e+00 7.800000000000000711e+00 7.900000000000000355e+00 8.000000000000000000e+00 8.099999999999999645e+00 8.200000000000001066e+00 8.300000000000000711e+00 8.400000000000000355e+00 8.500000000000000000e+00 8.599999999999999645e+00 8.700000000000001066e+00 8.800000000000000711e+00 8.900000000000000355e+00 9.000000000000000000e+00 9.099999999999999645e+00 9.200000000000001066e+00 9.300000000000000711e+00 9.400000000000000355e+00 9.500000000000000000e+00 9.600000000000001421e+00 9.700000000000001066e+00 9.800000000000000711e+00 9.900000000000000355e+00 1.000000000000000000e+01 1.010000000000000142e+01 1.020000000000000107e+01 1.030000000000000071e+01 1.040000000000000036e+01 1.050000000000000000e+01 1.060000000000000142e+01 1.070000000000000107e+01 1.080000000000000071e+01 1.090000000000000036e+01 1.100000000000000000e+01 1.110000000000000142e+01 1.120000000000000107e+01 1.130000000000000071e+01 1.140000000000000036e+01 1.150000000000000000e+01 1.160000000000000142e+01 1.170000000000000107e+01 1.180000000000000071e+01 1.190000000000000036e+01 1.200000000000000000e+01 1.210000000000000142e+01 1.220000000000000107e+01 1.230000000000000071e+01 1.240000000000000036e+01 1.250000000000000000e+01 1.260000000000000142e+01 1.270000000000000107e+01 1.280000000000000071e+01 1.290000000000000036e+01 1.300000000000000000e+01 1.310000000000000142e+01 1.320000000000000107e+01 1.330000000000000071e+01 1.340000000000000036e+01 1.350000000000000000e+01 1.360000000000000142e+01 1.370000000000000107e+01 1.380000000000000071e+01 1.390000000000000036e+01 1.400000000000000000e+01 1.410000000000000142e+01 1.420000000000000107e+01 1.430000000000000071e+01 1.440000000000000036e+01 1.450000000000000000e+01 1.460000000000000142e+01 1.470000000000000107e+01 1.480000000000000071e+01 1.490000000000000036e+01 1.500000000000000000e+01 1.510000000000000142e+01 1.520000000000000107e+01 1.530000000000000071e+01 1.540000000000000036e+01 1.550000000000000000e+01 1.560000000000000142e+01 1.570000000000000107e+01 1.580000000000000071e+01 1.590000000000000036e+01 1.600000000000000000e+01 1.610000000000000142e+01 1.619999999999999929e+01 1.630000000000000071e+01 1.640000000000000213e+01 1.650000000000000000e+01 1.660000000000000142e+01 1.669999999999999929e+01 1.680000000000000071e+01 1.690000000000000213e+01 1.700000000000000000e+01 1.710000000000000142e+01 1.719999999999999929e+01 1.730000000000000071e+01 1.740000000000000213e+01 1.750000000000000000e+01 1.760000000000000142e+01 1.769999999999999929e+01 1.780000000000000071e+01 1.790000000000000213e+01 1.800000000000000000e+01 1.810000000000000142e+01 1.819999999999999929e+01 1.830000000000000071e+01 1.840000000000000213e+01 1.850000000000000000e+01 1.860000000000000142e+01 1.869999999999999929e+01 1.880000000000000071e+01 1.890000000000000213e+01 1.900000000000000000e+01 1.910000000000000142e+01 1.920000000000000284e+01 1.930000000000000071e+01 1.940000000000000213e+01 1.950000000000000000e+01 1.960000000000000142e+01 1.970000000000000284e+01 1.980000000000000071e+01 1.990000000000000213e+01 2.000000000000000000e+01
0.000000000000000000e+00 -7.249507233685910101e-01 -1.526784942913325116e+00 -2.468874270093119883e+00 -3.589590916332523918e+00 -4.894247583732854068e+00 -6.351762465007359637e+00 -7.896553390042838849e+00 -9.435449823264852043e+00 -1.085874287414947759e+01 -1.205396275825993158e+01 -1.292064357427954135e+01 -1.338423439590238395e+01 -1.340743565342742194e+01 -1.299754551113782597e+01 -1.220884290890586676e+01 -1.113956072975354594e+01 -9.923568643442488124e+00 -8.717451432671492029e+00 -7.684196740862264896e+00 -6.975151348016863651e+00 -6.712212473798746970e+00 -6.972330516532218248e+00 -7.776261834034926324e+00 -9.083103646435093381e+00 -1.079149355957449252e+01 -1.274754269059113199e+01 -1.475871711690389709e+01 -1.661212940441399866e+01 -1.809517686011911053e+01 -1.901624466123581669e+01 -1.922329212579803581e+01 -1.861850568253816007e+01 -1.716773501052210804e+01 -1.490402086376183810e+01 -1.192508739598269862e+01 -8.385162775425945014e+00 -4.481905302493488286e+00 -4.395671699962098722e-01 3.510160218679805766e+00 7.147918059934422530e+00 1.028520996823022493e+01 1.277983906520631940e+01 1.454663589849529437e+01 1.556234158129622713e+01 1.586419750023090813e+01 1.554258364524769220e+01 1.472880030960928543e+01 1.357966041351886766e+01 1.226085075591145568e+01 1.093099806251858652e+01 9.728081872318730561e+00 8.759367566689462592e+00 8.095504080578070472e+00 7.768937667122367330e+00 7.776387091447380939e+00 8.084811030087987405e+00 8.640049535403864667e+00 9.377111098305421777e+00 1.023090231282118978e+01 1.114609035563765538e+01 1.208480605371803485e+01 1.303109198472268027e+01 1.399139743136184855e+01 1.499098660460269095e+01 1.606676793118704083e+01 1.725764365337793649e+01 1.859389384200875739e+01 2.008725913392376938e+01 2.172324900820452243e+01 2.345682357070226587e+01 2.521207388981137498e+01 2.688597343856340771e+01 2.835578742339740899e+01 2.948936166176862628e+01 3.015727507673606667e+01 3.024570385534704897e+01 2.966877732061329809e+01 2.837918860025046541e+01 2.637586902210956552e+01 2.370767947445832036e+01 2.047235460842244592e+01 1.681037520101282112e+01 1.289401701224487162e+01 8.912460285344073085e+00 5.054436279206463212e+00 1.490320013104897923e+00 -1.644242319085889248e+00 -4.261203443812751956e+00 -6.327921982044958149e+00 -7.868971063565592949e+00 -8.961752391104205628e+00 -9.726457314176361280e+00 -1.031155186832489612e+01 -1.087642488585075995e+01 -1.157309188230135888e+01 -1.252888865347848757e+01 -1.383193561732148602e+01 -1.552083729566856540e+01 -1.757963675765259026e+01 -1.993851119687324669e+01 -2.248011490332254070e+01 -2.505089816727673480e+01 -2.747620909644546927e+01 -2.957757604433296450e+01 -3.119032283970167185e+01 -3.217962547255216066e+01 -3.245329368121509361e+01 -3.196994237151880114e+01 -3.074176450029335683e+01 -2.883176106196792077e+01 -2.634593959898415605e+01 -2.342157020676573254e+01 -2.021300813689244436e+01 -1.687680081634985285e+01 -1.355777556317143429e+01 -1.037757158120841439e+01 -7.426687285934765903e+00 -4.760632242307260675e+00 -2.400275162487381486e+00 -3.360259118909365572e-01 1.464881340166182433e+00 3.049008987486021116e+00 4.466418922404966629e+00 5.760711468183016493e+00 6.960629038246346489e+00 8.074313872334585085e+00 9.087040356384088469e+00 9.962840773832080998e+00 1.064993265032775938e+01 1.108929561907380901e+01 1.122522692562887237e+01 1.101633144665097852e+01 1.044526373206760184e+01 9.525682168601912636e+00 8.305283487762009642e+00 6.864382282973868321e+00 5.310165102880581856e+00 3.767352473389402601e+00 2.366441078481744675e+00 1.230920002707046601e+00 4.648657248249176699e-01 1.421722664567482974e-01 2.984356966682573664e-01 9.262449354055870554e-01 1.974361129411806415e+00 3.350989773825130857e+00 4.931038701876603980e+00 6.566893260164370361e+00 8.101839572167810033e+00 9.384879753920076340e+00 1.028539191172999878e+01 1.070598016079983772e+01 1.059199535808097004e+01 9.936591249493893940e+00 8.780755924605310625e+00 7.208417651582649022e+00 5.337340840841845235e+00 3.306993057383027956e+00 1.264815553620808108e+00 -6.476359653423777729e-01 -2.307351410468321262e+00 -3.620238922594401387e+00 -4.528401776137683576e+00 -5.013794486415766194e+00 -5.098015568339819836e+00 -4.838293139833483636e+00 -4.320049709835690699e+00 -3.646786061086926711e+00 -2.928359897843670900e+00 -2.268985200184616247e+00 -1.756370560233866618e+00 -1.453299806763184598e+00 -1.392632130935405943e+00 -1.576210915858766271e+00 -1.977611749136244601e+00 -2.548138179661665337e+00 -3.225081797378567927e+00 -3.941055495575047196e+00 -4.633191136669301713e+00 -5.251129842217238775e+00 -5.762967793485809231e+00 -6.158597451289339553e+00 -6.450166919377840813e+00 -6.669655779841184184e+00 -6.863836821261013021e+00 -7.087162698507162517e+00 -7.393373387205877556e+00 -7.826832145810906916e+00 -8.414716861608521725e+00 -9.161172350187870350e+00 -1.004433895707458291e+01 -1.101681994980930668e+01 -1.200968055881551955e+01 -1.293956257456203751e+01 -1.371804074607280199e+01 -1.426202202776061156e+01 -1.450384839111338309e+01 -1.439982183384241665e+01 -1.393610184704948018e+01 -1.313127923636522354e+01
