# Tue Jul  6 12:58:31 2021
# Spin blind formalism, bias turned on
# Inputs:
# - Num. leads = (2, 2)
# - Num. impurity sites = 5
# - nelecs = (9, 0)
# - V_leads = 1.0
# - V_imp_leads = 0.4
# - V_bias = -0.005
# - D = 0.5
# - E = 0.0
# - alpha = 0.0
# - U = 0.0
0.000000000000000000e+00 1.000000000000000056e-01 2.000000000000000111e-01 3.000000000000000444e-01 4.000000000000000222e-01 5.000000000000000000e-01 6.000000000000000888e-01 7.000000000000000666e-01 8.000000000000000444e-01 9.000000000000000222e-01 1.000000000000000000e+00 1.100000000000000089e+00 1.200000000000000178e+00 1.300000000000000044e+00 1.400000000000000133e+00 1.500000000000000000e+00 1.600000000000000089e+00 1.700000000000000178e+00 1.800000000000000044e+00 1.900000000000000133e+00 2.000000000000000000e+00 2.100000000000000089e+00 2.200000000000000178e+00 2.300000000000000266e+00 2.400000000000000355e+00 2.500000000000000000e+00 2.600000000000000089e+00 2.700000000000000178e+00 2.800000000000000266e+00 2.900000000000000355e+00 3.000000000000000000e+00 3.100000000000000089e+00 3.200000000000000178e+00 3.300000000000000266e+00 3.400000000000000355e+00 3.500000000000000000e+00 3.600000000000000089e+00 3.700000000000000178e+00 3.800000000000000266e+00 3.900000000000000355e+00 4.000000000000000000e+00 4.100000000000000533e+00 4.200000000000000178e+00 4.299999999999999822e+00 4.400000000000000355e+00 4.500000000000000000e+00 4.600000000000000533e+00 4.700000000000000178e+00 4.800000000000000711e+00 4.900000000000000355e+00 5.000000000000000000e+00 5.100000000000000533e+00 5.200000000000000178e+00 5.300000000000000711e+00 5.400000000000000355e+00 5.500000000000000000e+00 5.600000000000000533e+00 5.700000000000000178e+00 5.800000000000000711e+00 5.900000000000000355e+00 6.000000000000000000e+00 6.100000000000000533e+00 6.200000000000000178e+00 6.300000000000000711e+00 6.400000000000000355e+00 6.500000000000000000e+00 6.600000000000000533e+00 6.700000000000000178e+00 6.800000000000000711e+00 6.900000000000000355e+00 7.000000000000000000e+00 7.100000000000000533e+00 7.200000000000000178e+00 7.300000000000000711e+00 7.400000000000000355e+00 7.500000000000000000e+00 7.600000000000000533e+00 7.700000000000000178e+00 7.800000000000000711e+00 7.900000000000000355e+00 8.000000000000000000e+00 8.099999999999999645e+00 8.200000000000001066e+00 8.300000000000000711e+00 8.400000000000000355e+00 8.500000000000000000e+00 8.599999999999999645e+00 8.700000000000001066e+00 8.800000000000000711e+00 8.900000000000000355e+00 9.000000000000000000e+00 9.099999999999999645e+00 9.200000000000001066e+00 9.300000000000000711e+00 9.400000000000000355e+00 9.500000000000000000e+00 9.600000000000001421e+00 9.700000000000001066e+00 9.800000000000000711e+00 9.900000000000000355e+00 1.000000000000000000e+01 1.010000000000000142e+01 1.020000000000000107e+01 1.030000000000000071e+01 1.040000000000000036e+01 1.050000000000000000e+01 1.060000000000000142e+01 1.070000000000000107e+01 1.080000000000000071e+01 1.090000000000000036e+01 1.100000000000000000e+01 1.110000000000000142e+01 1.120000000000000107e+01 1.130000000000000071e+01 1.140000000000000036e+01 1.150000000000000000e+01 1.160000000000000142e+01 1.170000000000000107e+01 1.180000000000000071e+01 1.190000000000000036e+01 1.200000000000000000e+01 1.210000000000000142e+01 1.220000000000000107e+01 1.230000000000000071e+01 1.240000000000000036e+01 1.250000000000000000e+01 1.260000000000000142e+01 1.270000000000000107e+01 1.280000000000000071e+01 1.290000000000000036e+01 1.300000000000000000e+01 1.310000000000000142e+01 1.320000000000000107e+01 1.330000000000000071e+01 1.340000000000000036e+01 1.350000000000000000e+01 1.360000000000000142e+01 1.370000000000000107e+01 1.380000000000000071e+01 1.390000000000000036e+01 1.400000000000000000e+01 1.410000000000000142e+01 1.420000000000000107e+01 1.430000000000000071e+01 1.440000000000000036e+01 1.450000000000000000e+01 1.460000000000000142e+01 1.470000000000000107e+01 1.480000000000000071e+01 1.490000000000000036e+01 1.500000000000000000e+01 1.510000000000000142e+01 1.520000000000000107e+01 1.530000000000000071e+01 1.540000000000000036e+01 1.550000000000000000e+01 1.560000000000000142e+01 1.570000000000000107e+01 1.580000000000000071e+01 1.590000000000000036e+01 1.600000000000000000e+01 1.610000000000000142e+01 1.619999999999999929e+01 1.630000000000000071e+01 1.640000000000000213e+01 1.650000000000000000e+01 1.660000000000000142e+01 1.669999999999999929e+01 1.680000000000000071e+01 1.690000000000000213e+01 1.700000000000000000e+01 1.710000000000000142e+01 1.719999999999999929e+01 1.730000000000000071e+01 1.740000000000000213e+01 1.750000000000000000e+01 1.760000000000000142e+01 1.769999999999999929e+01 1.780000000000000071e+01 1.790000000000000213e+01 1.800000000000000000e+01 1.810000000000000142e+01 1.819999999999999929e+01 1.830000000000000071e+01 1.840000000000000213e+01 1.850000000000000000e+01 1.860000000000000142e+01 1.869999999999999929e+01 1.880000000000000071e+01 1.890000000000000213e+01 1.900000000000000000e+01 1.910000000000000142e+01 1.920000000000000284e+01 1.930000000000000071e+01 1.940000000000000213e+01 1.950000000000000000e+01 1.960000000000000142e+01 1.970000000000000284e+01 1.980000000000000071e+01 1.990000000000000213e+01 2.000000000000000000e+01
-1.373989182320917024e+01 -1.373989171009653809e+01 -1.373989159481796740e+01 -1.373989147732463678e+01 -1.373989135756635882e+01 -1.373989123549156055e+01 -1.373989111104721772e+01 -1.373989098417879795e+01 -1.373989085483022698e+01 -1.373989072294386204e+01 -1.373989058846034261e+01 -1.373989045131864728e+01 -1.373989031145595341e+01 -1.373989016880763181e+01 -1.373989002330715081e+01 -1.373988987488599101e+01 -1.373988972347362747e+01 -1.373988956899743030e+01 -1.373988941138255981e+01 -1.373988925055197186e+01 -1.373988908642625084e+01 -1.373988891892356712e+01 -1.373988874795957571e+01 -1.373988857344735059e+01 -1.373988839529725325e+01 -1.373988821341688826e+01 -1.373988802771094697e+01 -1.373988783808109915e+01 -1.373988764442595567e+01 -1.373988744664086070e+01 -1.373988724461784727e+01 -1.373988703824547386e+01 -1.373988682740870182e+01 -1.373988661198873729e+01 -1.373988639186298322e+01 -1.373988616690474984e+01 -1.373988593698322447e+01 -1.373988570196327785e+01 -1.373988546170525815e+01 -1.373988521606490742e+01 -1.373988496489308986e+01 -1.373988470803564077e+01 -1.373988444533321740e+01 -1.373988417662104133e+01 -1.373988390172870844e+01 -1.373988362047997747e+01 -1.373988333269257467e+01 -1.373988303817785095e+01 -1.373988273674067173e+01 -1.373988242817906169e+01 -1.373988211228398804e+01 -1.373988178883909939e+01 -1.373988145762034208e+01 -1.373988111839576476e+01 -1.373988077092515958e+01 -1.373988041495974777e+01 -1.373988005024179238e+01 -1.373987967650433006e+01 -1.373987929347071457e+01 -1.373987890085428987e+01 -1.373987849835796915e+01 -1.373987808567380320e+01 -1.373987766248254694e+01 -1.373987722845324733e+01 -1.373987678324272110e+01 -1.373987632649504853e+01 -1.373987585784111509e+01 -1.373987537689807858e+01 -1.373987488326869233e+01 -1.373987437654090193e+01 -1.373987385628706903e+01 -1.373987332206345258e+01 -1.373987277340950008e+01 -1.373987220984715130e+01 -1.373987163088015961e+01 -1.373987103599331228e+01 -1.373987042465165054e+01 -1.373986979629965788e+01 -1.373986915036043399e+01 -1.373986848623477819e+01 -1.373986780330027813e+01 -1.373986710091035057e+01 -1.373986637839326264e+01 -1.373986563505099490e+01 -1.373986487015828928e+01 -1.373986408296139494e+01 -1.373986327267690477e+01 -1.373986243849055278e+01 -1.373986157955591736e+01 -1.373986069499299845e+01 -1.373985978388694384e+01 -1.373985884528645052e+01 -1.373985787820232929e+01 -1.373985688160585639e+01 -1.373985585442713031e+01 -1.373985479555332212e+01 -1.373985370382686533e+01 -1.373985257804359961e+01 -1.373985141695074041e+01 -1.373985021924486105e+01 -1.373984898356972906e+01 -1.373984770851408932e+01 -1.373984639260927132e+01 -1.373984503432683546e+01 -1.373984363207594050e+01 -1.373984218420076253e+01 -1.373984068897765631e+01 -1.373983914461233091e+01 -1.373983754923677303e+01 -1.373983590090613127e+01 -1.373983419759542279e+01 -1.373983243719609071e+01 -1.373983061751247803e+01 -1.373982873625801737e+01 -1.373982679105137805e+01 -1.373982477941239821e+01 -1.373982269875784112e+01 -1.373982054639691519e+01 -1.373981831952673538e+01 -1.373981601522743290e+01 -1.373981363045708015e+01 -1.373981116204658726e+01 -1.373980860669405679e+01 -1.373980596095910833e+01 -1.373980322125692233e+01 -1.373980038385194469e+01 -1.373979744485145638e+01 -1.373979440019865450e+01 -1.373979124566570853e+01 -1.373978797684618414e+01 -1.373978458914740663e+01 -1.373978107778240343e+01 -1.373977743776137750e+01 -1.373977366388300325e+01 -1.373976975072521078e+01 -1.373976569263554381e+01 -1.373976148372123696e+01 -1.373975711783869080e+01 -1.373975258858258286e+01 -1.373974788927452373e+01 -1.373974301295107558e+01 -1.373973795235140827e+01 -1.373973269990426971e+01 -1.373972724771456733e+01 -1.373972158754908612e+01 -1.373971571082182486e+01 -1.373970960857862700e+01 -1.373970327148100345e+01 -1.373969668978940994e+01 -1.373968985334571080e+01 -1.373968275155482210e+01 -1.373967537336566735e+01 -1.373966770725119169e+01 -1.373965974118750921e+01 -1.373965146263218529e+01 -1.373964285850149025e+01 -1.373963391514668331e+01 -1.373962461832928028e+01 -1.373961495319514370e+01 -1.373960490424751768e+01 -1.373959445531880341e+01 -1.373958358954113734e+01 -1.373957228931563179e+01 -1.373956053628030460e+01 -1.373954831127651488e+01 -1.373953559431399540e+01 -1.373952236453428633e+01 -1.373950860017254527e+01 -1.373949427851771432e+01 -1.373947937587093193e+01 -1.373946386750201576e+01 -1.373944772760408028e+01 -1.373943092924621290e+01 -1.373941344432392597e+01 -1.373939524350746133e+01 -1.373937629618788314e+01 -1.373935657042068925e+01 -1.373933603286695870e+01 -1.373931464873192887e+01 -1.373929238170075351e+01 -1.373926919387160872e+01 -1.373924504568554106e+01 -1.373921989585356762e+01 -1.373919370128020212e+01 -1.373916641698391672e+01 -1.373913799601375985e+01 -1.373910838936256695e+01 -1.373907754587617092e+01 -1.373904541215862096e+01 -1.373901193247326091e+01 -1.373897704863927949e+01 -1.373894069992398137e+01 -1.373890282292988196e+01 -1.373886335147716409e+01 -1.373882221648079138e+01 -1.373877934582206883e+01 -1.373873466421479783e+01 -1.373868809306524064e+01 -1.373863955032609141e+01 -1.373858895034381256e+01 -1.373853620369941275e+01
