# Tue Jun 29 17:45:35 2021
# Spin blind formalism, bias turned on
# Inputs:
# - Num. leads = (2, 2)
# - Num. impurity sites = 5
# - nelecs = (9, 0)
# - V_leads = 1.0
# - V_imp_leads = 0.4
# - V_bias = -0.005
# - D = 0.5
# - E = 0.1
# - alpha = 0.01
# - U = 1.0
# - E/U = 0.1
# - alpha/D = 0.02
# - alpha/(E^2/U) = 0.9999999999999998
# - alpha^2/(E^2/U) = 0.009999999999999998
0.000000000000000000e+00 1.000000000000000021e-02 2.000000000000000042e-02 2.999999999999999889e-02 4.000000000000000083e-02 5.000000000000000278e-02 5.999999999999999778e-02 7.000000000000000666e-02 8.000000000000000167e-02 8.999999999999999667e-02 1.000000000000000056e-01 1.100000000000000006e-01 1.199999999999999956e-01 1.300000000000000044e-01 1.400000000000000133e-01 1.499999999999999944e-01 1.600000000000000033e-01 1.700000000000000122e-01 1.799999999999999933e-01 1.900000000000000022e-01 2.000000000000000111e-01 2.099999999999999922e-01 2.200000000000000011e-01 2.300000000000000100e-01 2.399999999999999911e-01 2.500000000000000000e-01 2.600000000000000089e-01 2.700000000000000178e-01 2.800000000000000266e-01 2.899999999999999800e-01 2.999999999999999889e-01 3.099999999999999978e-01 3.200000000000000067e-01 3.300000000000000155e-01 3.400000000000000244e-01 3.500000000000000333e-01 3.599999999999999867e-01 3.699999999999999956e-01 3.800000000000000044e-01 3.900000000000000133e-01 4.000000000000000222e-01 4.100000000000000311e-01 4.199999999999999845e-01 4.299999999999999933e-01 4.400000000000000022e-01 4.500000000000000111e-01 4.600000000000000200e-01 4.700000000000000289e-01 4.799999999999999822e-01 4.899999999999999911e-01 5.000000000000000000e-01 5.100000000000000089e-01 5.200000000000000178e-01 5.300000000000000266e-01 5.400000000000000355e-01 5.500000000000000444e-01 5.600000000000000533e-01 5.700000000000000622e-01 5.799999999999999600e-01 5.899999999999999689e-01 5.999999999999999778e-01 6.099999999999999867e-01 6.199999999999999956e-01 6.300000000000000044e-01 6.400000000000000133e-01 6.500000000000000222e-01 6.600000000000000311e-01 6.700000000000000400e-01 6.800000000000000488e-01 6.900000000000000577e-01 7.000000000000000666e-01 7.099999999999999645e-01 7.199999999999999734e-01 7.299999999999999822e-01 7.399999999999999911e-01 7.500000000000000000e-01 7.600000000000000089e-01 7.700000000000000178e-01 7.800000000000000266e-01 7.900000000000000355e-01 8.000000000000000444e-01 8.100000000000000533e-01 8.200000000000000622e-01 8.300000000000000711e-01 8.399999999999999689e-01 8.499999999999999778e-01 8.599999999999999867e-01 8.699999999999999956e-01 8.800000000000000044e-01 8.900000000000000133e-01 9.000000000000000222e-01 9.100000000000000311e-01 9.200000000000000400e-01 9.300000000000000488e-01 9.400000000000000577e-01 9.500000000000000666e-01 9.599999999999999645e-01 9.699999999999999734e-01 9.799999999999999822e-01 9.899999999999999911e-01 1.000000000000000000e+00 1.010000000000000009e+00 1.020000000000000018e+00 1.030000000000000027e+00 1.040000000000000036e+00 1.050000000000000044e+00 1.060000000000000053e+00 1.070000000000000062e+00 1.080000000000000071e+00 1.090000000000000080e+00 1.100000000000000089e+00 1.110000000000000098e+00 1.120000000000000107e+00 1.130000000000000115e+00 1.140000000000000124e+00 1.150000000000000133e+00 1.159999999999999920e+00 1.169999999999999929e+00 1.179999999999999938e+00 1.189999999999999947e+00 1.199999999999999956e+00 1.209999999999999964e+00 1.219999999999999973e+00 1.229999999999999982e+00 1.239999999999999991e+00 1.250000000000000000e+00 1.260000000000000009e+00 1.270000000000000018e+00 1.280000000000000027e+00 1.290000000000000036e+00 1.300000000000000044e+00 1.310000000000000053e+00 1.320000000000000062e+00 1.330000000000000071e+00 1.340000000000000080e+00 1.350000000000000089e+00 1.360000000000000098e+00 1.370000000000000107e+00 1.380000000000000115e+00 1.390000000000000124e+00 1.400000000000000133e+00 1.409999999999999920e+00 1.419999999999999929e+00 1.429999999999999938e+00 1.439999999999999947e+00 1.449999999999999956e+00 1.459999999999999964e+00 1.469999999999999973e+00 1.479999999999999982e+00 1.489999999999999991e+00 1.500000000000000000e+00 1.510000000000000009e+00 1.520000000000000018e+00 1.530000000000000027e+00 1.540000000000000036e+00 1.550000000000000044e+00 1.560000000000000053e+00 1.570000000000000062e+00 1.580000000000000071e+00 1.590000000000000080e+00 1.600000000000000089e+00 1.610000000000000098e+00 1.620000000000000107e+00 1.630000000000000115e+00 1.640000000000000124e+00 1.650000000000000133e+00 1.660000000000000142e+00 1.669999999999999929e+00 1.679999999999999938e+00 1.689999999999999947e+00 1.699999999999999956e+00 1.709999999999999964e+00 1.719999999999999973e+00 1.729999999999999982e+00 1.739999999999999991e+00 1.750000000000000000e+00 1.760000000000000009e+00 1.770000000000000018e+00 1.780000000000000027e+00 1.790000000000000036e+00 1.800000000000000044e+00 1.810000000000000053e+00 1.820000000000000062e+00 1.830000000000000071e+00 1.840000000000000080e+00 1.850000000000000089e+00 1.860000000000000098e+00 1.870000000000000107e+00 1.880000000000000115e+00 1.890000000000000124e+00 1.900000000000000133e+00 1.910000000000000142e+00 1.919999999999999929e+00 1.929999999999999938e+00 1.939999999999999947e+00 1.949999999999999956e+00 1.959999999999999964e+00 1.969999999999999973e+00 1.979999999999999982e+00 1.989999999999999991e+00 2.000000000000000000e+00 2.010000000000000231e+00 2.020000000000000018e+00 2.030000000000000249e+00 2.040000000000000036e+00 2.049999999999999822e+00 2.060000000000000053e+00 2.069999999999999840e+00 2.080000000000000071e+00 2.089999999999999858e+00 2.100000000000000089e+00 2.109999999999999876e+00 2.120000000000000107e+00 2.129999999999999893e+00 2.140000000000000124e+00 2.149999999999999911e+00 2.160000000000000142e+00 2.169999999999999929e+00 2.180000000000000160e+00 2.189999999999999947e+00 2.200000000000000178e+00 2.209999999999999964e+00 2.220000000000000195e+00 2.229999999999999982e+00 2.240000000000000213e+00 2.250000000000000000e+00 2.260000000000000231e+00 2.270000000000000018e+00 2.280000000000000249e+00 2.290000000000000036e+00 2.300000000000000266e+00 2.310000000000000053e+00 2.319999999999999840e+00 2.330000000000000071e+00 2.339999999999999858e+00 2.350000000000000089e+00 2.359999999999999876e+00 2.370000000000000107e+00 2.379999999999999893e+00 2.390000000000000124e+00 2.399999999999999911e+00 2.410000000000000142e+00 2.419999999999999929e+00 2.430000000000000160e+00 2.439999999999999947e+00 2.450000000000000178e+00 2.459999999999999964e+00 2.470000000000000195e+00 2.479999999999999982e+00 2.490000000000000213e+00 2.500000000000000000e+00 2.510000000000000231e+00 2.520000000000000018e+00 2.530000000000000249e+00 2.540000000000000036e+00 2.550000000000000266e+00 2.560000000000000053e+00 2.569999999999999840e+00 2.580000000000000071e+00 2.589999999999999858e+00 2.600000000000000089e+00 2.609999999999999876e+00 2.620000000000000107e+00 2.629999999999999893e+00 2.640000000000000124e+00 2.649999999999999911e+00 2.660000000000000142e+00 2.669999999999999929e+00 2.680000000000000160e+00 2.689999999999999947e+00 2.700000000000000178e+00 2.709999999999999964e+00 2.720000000000000195e+00 2.729999999999999982e+00 2.740000000000000213e+00 2.750000000000000000e+00 2.760000000000000231e+00 2.770000000000000018e+00 2.780000000000000249e+00 2.790000000000000036e+00 2.800000000000000266e+00 2.810000000000000053e+00 2.819999999999999840e+00 2.830000000000000071e+00 2.839999999999999858e+00 2.850000000000000089e+00 2.859999999999999876e+00 2.870000000000000107e+00 2.879999999999999893e+00 2.890000000000000124e+00 2.899999999999999911e+00 2.910000000000000142e+00 2.919999999999999929e+00 2.930000000000000160e+00 2.939999999999999947e+00 2.950000000000000178e+00 2.959999999999999964e+00 2.970000000000000195e+00 2.979999999999999982e+00 2.990000000000000213e+00 3.000000000000000000e+00 3.010000000000000231e+00 3.020000000000000018e+00 3.030000000000000249e+00 3.040000000000000036e+00 3.050000000000000266e+00 3.060000000000000053e+00 3.070000000000000284e+00 3.080000000000000071e+00 3.089999999999999858e+00 3.100000000000000089e+00 3.109999999999999876e+00 3.120000000000000107e+00 3.129999999999999893e+00 3.140000000000000124e+00 3.149999999999999911e+00 3.160000000000000142e+00 3.169999999999999929e+00 3.180000000000000160e+00 3.189999999999999947e+00 3.200000000000000178e+00 3.209999999999999964e+00 3.220000000000000195e+00 3.229999999999999982e+00 3.240000000000000213e+00 3.250000000000000000e+00 3.260000000000000231e+00 3.270000000000000018e+00 3.280000000000000249e+00 3.290000000000000036e+00 3.300000000000000266e+00 3.310000000000000053e+00 3.320000000000000284e+00 3.330000000000000071e+00 3.339999999999999858e+00 3.350000000000000089e+00 3.359999999999999876e+00 3.370000000000000107e+00 3.379999999999999893e+00 3.390000000000000124e+00 3.399999999999999911e+00 3.410000000000000142e+00 3.419999999999999929e+00 3.430000000000000160e+00 3.439999999999999947e+00 3.450000000000000178e+00 3.459999999999999964e+00 3.470000000000000195e+00 3.479999999999999982e+00 3.490000000000000213e+00 3.500000000000000000e+00 3.510000000000000231e+00 3.520000000000000018e+00 3.530000000000000249e+00 3.540000000000000036e+00 3.550000000000000266e+00 3.560000000000000053e+00 3.570000000000000284e+00 3.580000000000000071e+00 3.589999999999999858e+00 3.600000000000000089e+00 3.609999999999999876e+00 3.620000000000000107e+00 3.629999999999999893e+00 3.640000000000000124e+00 3.649999999999999911e+00 3.660000000000000142e+00 3.669999999999999929e+00 3.680000000000000160e+00 3.689999999999999947e+00 3.700000000000000178e+00 3.709999999999999964e+00 3.720000000000000195e+00 3.729999999999999982e+00 3.740000000000000213e+00 3.750000000000000000e+00 3.760000000000000231e+00 3.770000000000000018e+00 3.780000000000000249e+00 3.790000000000000036e+00 3.800000000000000266e+00 3.810000000000000053e+00 3.820000000000000284e+00 3.830000000000000071e+00 3.839999999999999858e+00 3.850000000000000089e+00 3.859999999999999876e+00 3.870000000000000107e+00 3.879999999999999893e+00 3.890000000000000124e+00 3.899999999999999911e+00 3.910000000000000142e+00 3.919999999999999929e+00 3.930000000000000160e+00 3.939999999999999947e+00 3.950000000000000178e+00 3.959999999999999964e+00 3.970000000000000195e+00 3.979999999999999982e+00 3.990000000000000213e+00 4.000000000000000000e+00 4.009999999999999787e+00 4.020000000000000462e+00 4.030000000000000249e+00 4.040000000000000036e+00 4.049999999999999822e+00 4.060000000000000497e+00 4.070000000000000284e+00 4.080000000000000071e+00 4.089999999999999858e+00 4.099999999999999645e+00 4.110000000000000320e+00 4.120000000000000107e+00 4.129999999999999893e+00 4.139999999999999680e+00 4.150000000000000355e+00 4.160000000000000142e+00 4.169999999999999929e+00 4.179999999999999716e+00 4.190000000000000391e+00 4.200000000000000178e+00 4.209999999999999964e+00 4.219999999999999751e+00 4.230000000000000426e+00 4.240000000000000213e+00 4.250000000000000000e+00 4.259999999999999787e+00 4.270000000000000462e+00 4.280000000000000249e+00 4.290000000000000036e+00 4.299999999999999822e+00 4.310000000000000497e+00 4.320000000000000284e+00 4.330000000000000071e+00 4.339999999999999858e+00 4.350000000000000533e+00 4.360000000000000320e+00 4.370000000000000107e+00 4.379999999999999893e+00 4.389999999999999680e+00 4.400000000000000355e+00 4.410000000000000142e+00 4.419999999999999929e+00 4.429999999999999716e+00 4.440000000000000391e+00 4.450000000000000178e+00 4.459999999999999964e+00 4.469999999999999751e+00 4.480000000000000426e+00 4.490000000000000213e+00 4.500000000000000000e+00 4.509999999999999787e+00 4.520000000000000462e+00 4.530000000000000249e+00 4.540000000000000036e+00 4.549999999999999822e+00 4.560000000000000497e+00 4.570000000000000284e+00 4.580000000000000071e+00 4.589999999999999858e+00 4.600000000000000533e+00 4.610000000000000320e+00 4.620000000000000107e+00 4.629999999999999893e+00 4.639999999999999680e+00 4.650000000000000355e+00 4.660000000000000142e+00 4.669999999999999929e+00 4.679999999999999716e+00 4.690000000000000391e+00 4.700000000000000178e+00 4.709999999999999964e+00 4.719999999999999751e+00 4.730000000000000426e+00 4.740000000000000213e+00 4.750000000000000000e+00 4.759999999999999787e+00 4.770000000000000462e+00 4.780000000000000249e+00 4.790000000000000036e+00 4.799999999999999822e+00 4.810000000000000497e+00 4.820000000000000284e+00 4.830000000000000071e+00 4.839999999999999858e+00 4.850000000000000533e+00 4.860000000000000320e+00 4.870000000000000107e+00 4.879999999999999893e+00 4.889999999999999680e+00 4.900000000000000355e+00 4.910000000000000142e+00 4.919999999999999929e+00 4.929999999999999716e+00 4.940000000000000391e+00 4.950000000000000178e+00 4.959999999999999964e+00 4.969999999999999751e+00 4.980000000000000426e+00 4.990000000000000213e+00 5.000000000000000000e+00
0.000000000000000000e+00 -7.169200055839974883e-02 -1.434643466287508495e-01 -2.153972408656932014e-01 -2.875706004449922748e-01 -3.600639148422643543e-01 -4.329561042328120002e-01 -5.063253787180931331e-01 -5.802490985833570480e-01 -6.548036357892687009e-01 -7.300642368987183550e-01 -8.061048876378441586e-01 -8.829981792879443292e-01 -9.608151771022823695e-01 -1.039625290938926971e+00 -1.119496148297468796e+00 -1.200493469944004632e+00 -1.282680948305079616e+00 -1.366120128807181588e+00 -1.450870294334252408e+00 -1.536988352971052407e+00 -1.624528729195517940e+00 -1.713543258678322578e+00 -1.804081086842575621e+00 -1.896188571331355099e+00 -1.989909188524827677e+00 -2.085283444243140938e+00 -2.182348788765374081e+00 -2.281139536288358194e+00 -2.381686788942746880e+00 -2.484018365478007695e+00 -2.588158734719858689e+00 -2.694128953898811130e+00 -2.801946611939323706e+00 -2.911625777794301762e+00 -3.023176953900491348e+00 -3.136607034824583806e+00 -3.251919271161537228e+00 -3.369113238739736893e+00 -3.488184813179926014e+00 -3.609126149847256215e+00 -3.731925669228566722e+00 -3.856568047758712758e+00 -3.983034214113352345e+00 -4.111301350976407143e+00 -4.241342902284182870e+00 -4.373128585939780599e+00 -4.506624411984170742e+00 -4.641792706202604535e+00 -4.778592139137422201e+00 -4.916977760471744396e+00 -5.056901038739767706e+00 -5.198309906313314244e+00 -5.341148809606966807e+00 -5.485358764435827261e+00 -5.630877416455786211e+00 -5.777639106605015229e+00 -5.925574941463540135e+00 -6.074612868437497148e+00 -6.224677755670181334e+00 -6.375691476574940175e+00 -6.527572998879310973e+00 -6.680238478063792229e+00 -6.833601355072382866e+00 -6.987572458167639056e+00 -7.142060108796524531e+00 -7.296970231328257839e+00 -7.452206466522091510e+00 -7.607670288574919226e+00 -7.763261125598333479e+00 -7.918876483366394936e+00 -8.074412072174208532e+00 -8.229761936642464804e+00 -8.384818588298834641e+00 -8.539473140766046910e+00 -8.693615447379695382e+00 -8.847134241060560456e+00 -8.999917276258601717e+00 -9.151851472788386843e+00 -9.302823061369002389e+00 -9.452717730683403374e+00 -9.601420775767964599e+00 -9.748817247542437059e+00 -9.894792103290363627e+00 -1.003923035789712159e+01 -1.018201723565374550e+01 -1.032303832243397856e+01 -1.046217971805068814e+01 -1.059932818859983428e+01 -1.073437131859829208e+01 -1.086719766272479148e+01 -1.099769689697112085e+01 -1.112575996901490782e+01 -1.125127924762333897e+01 -1.137414867090180159e+01 -1.149426389320046304e+01 -1.161152243049432187e+01 -1.172582380405627056e+01 -1.183706968224184131e+01 -1.194516402020916068e+01 -1.205001319739891130e+01 -1.215152615260343438e+01 -1.224961451645517130e+01 -1.234419274116962129e+01 -1.243517822737974221e+01 -1.252249144790444113e+01 -1.260605606829463454e+01 -1.268579906400676904e+01 -1.276165083405606815e+01 -1.283354531100679452e+01 -1.290142006715994860e+01 -1.296521641680549664e+01 -1.302487951440671665e+01 -1.308035844859417374e+01 -1.313160633184641846e+01 -1.317858038574270552e+01 -1.322124202167657891e+01 -1.325955691692520233e+01 -1.329349508597208995e+01 -1.332303094698989732e+01 -1.334814338339050899e+01 -1.336881580036045847e+01 -1.338503617629930886e+01 -1.339679710908955101e+01 -1.340409585712684404e+01 -1.340693437505070484e+01 -1.340531934411582959e+01 -1.339926219715432865e+01 -1.338877913808181219e+01 -1.337389115590768185e+01 -1.335462403321560920e+01 -1.333100834908539056e+01 -1.330307947643388822e+01 -1.327087757375730526e+01 -1.323444757126519811e+01 -1.319383915140097585e+01 -1.314910672374833034e+01 -1.310030939433247887e+01 -1.304751092932708900e+01 -1.299077971318722824e+01 -1.293018870123019326e+01 -1.286581536669848447e+01 -1.279774164233692701e+01 -1.272605385652842713e+01 -1.265084266403681035e+01 -1.257220297140789711e+01 -1.249023385709105405e+01 -1.240503848634485529e+01 -1.231672402099806440e+01 -1.222540152414339154e+01 -1.213118585984495112e+01 -1.203419558794821143e+01 -1.193455285408705357e+01 -1.183238327498283837e+01 -1.172781581914499682e+01 -1.162098268307909521e+01 -1.151201916311862128e+01 -1.140106352300119141e+01 -1.128825685731410289e+01 -1.117374295093851622e+01 -1.105766813463082521e+01 -1.094018113687785920e+01 -1.082143293217350788e+01 -1.070157658586609628e+01 -1.058076709572967999e+01 -1.045916123042049328e+01 -1.033691736497916303e+01 -1.021419531354802501e+01 -1.009115615947395739e+01 -9.967962082973837568e+00 -9.844776186539432317e+00 -9.721762318266865321e+00 -9.599084893296117471e+00 -9.476908713551212671e+00 -9.355398785972907305e+00 -9.234720139440780073e+00 -9.115037640583526724e+00 -8.996515808678520187e+00 -8.879318629844668465e+00 -8.763609370734862125e+00 -8.649550391935932225e+00 -8.537302961286064473e+00 -8.427027067321404274e+00 -8.318881233064592706e+00 -8.213022330368801249e+00 -8.109605395033284481e+00 -8.008783442904393368e+00 -7.910707287179860714e+00 -7.815525357129732065e+00 -7.723383518453596608e+00 -7.634424895485458329e+00 -7.548789695464301452e+00 -7.466615035083219887e+00 -7.388034769528450951e+00 -7.313179324222811140e+00 -7.242175529479008667e+00 -7.175146458273416350e+00 -7.112211267343757193e+00 -7.053485041813884138e+00 -6.999078643543877654e+00 -6.949098563403832252e+00 -6.903646777662672207e+00 -6.862820608680699763e+00 -6.826712590092669508e+00 -6.795410336660037132e+00 -6.768996418969473794e+00 -6.747548243148759894e+00 -6.731137935765016067e+00 -6.719832234067466992e+00 -6.713692381727049074e+00 -6.712774030224319510e+00 -6.717127146025568152e+00 -6.726795923685759959e+00 -6.741818705005115042e+00 -6.762227904364138453e+00 -6.788049940349970335e+00 -6.819305173784067087e+00 -6.856007852249897283e+00 -6.898166061213806266e+00 -6.945781681823878451e+00 -6.998850355462125528e+00 -7.057361455119489868e+00 -7.121298063652191424e+00 -7.190636958971051484e+00 -7.265348606206392112e+00 -7.345397156881677603e+00 -7.430740455120717236e+00 -7.521330050905026710e+00 -7.617111220386636461e+00 -7.718022993255337028e+00 -7.823998187148609063e+00 -7.934963449083036302e+00 -8.050839303878555953e+00 -8.171540209536273025e+00 -8.296974619521503058e+00 -8.427045051896660866e+00 -8.561648165235922647e+00 -8.700674841249080416e+00 -8.844010274030082996e+00 -8.991534065837628376e+00 -9.143120329307702576e+00 -9.298637795988433652e+00 -9.457949931080596784e+00 -9.620915054256004240e+00 -9.787386466423608766e+00 -9.957212582298749837e+00 -1.013023706862901996e+01 -1.030629898791978860e+01 -1.048523294749644030e+01 -1.066686925373336692e+01 -1.085103407127401631e+01 -1.103754958705796874e+01 -1.122623417896785902e+01 -1.141690258890081466e+01 -1.160936610006508651e+01 -1.180343271829732998e+01 -1.199890735718980572e+01 -1.219559202681571364e+01 -1.239328602583257677e+01 -1.259178613674215619e+01 -1.279088682408314526e+01 -1.299038043532658726e+01 -1.319005740424361228e+01 -1.338970645651225055e+01 -1.358911481732829074e+01 -1.378806842078161310e+01 -1.398635212076097289e+01 -1.418374990314807960e+01 -1.438004509905937134e+01 -1.457502059889678669e+01 -1.476845906696700972e+01 -1.496014315642857007e+01 -1.514985572433008798e+01 -1.533738004649849884e+01 -1.552250003204450302e+01 -1.570500043724732997e+01 -1.588466707858867366e+01 -1.606128704470374302e+01 -1.623464890702318897e+01 -1.640454292887984167e+01 -1.657076127286089928e+01 -1.673309820618461785e+01 -1.689135030389035208e+01 -1.704531664962971149e+01 -1.719479903385286690e+01 -1.733960214919060405e+01 -1.747953378283131087e+01 -1.761440500570499523e+01 -1.774403035828382968e+01 -1.786822803282030847e+01 -1.798682005184322108e+01 -1.809963244274486271e+01 -1.820649540828883417e+01 -1.830724349288405151e+01 -1.840171574446793201e+01 -1.848975587185231717e+01 -1.857121239739047525e+01 -1.864593880482987132e+01 -1.871379368222056527e+01 -1.877464085975792685e+01 -1.882834954244144043e+01 -1.887479443743965035e+01 -1.891385587605775953e+01 -1.894541993020949278e+01 -1.896937852330221475e+01 -1.898562953545009435e+01 -1.899407690293721984e+01 -1.899463071185710916e+01 -1.898720728586280160e+01 -1.897172926796847392e+01 -1.894812569634696331e+01 -1.891633207407711836e+01 -1.887629043279719454e+01 -1.882794939023035852e+01 -1.877126420155094877e+01 -1.870619680456697154e+01 -1.863271585870205982e+01 -1.855079677776153702e+01 -1.846042175647658468e+01 -1.836157979082391023e+01 -1.825426669212398068e+01 -1.813848509492710193e+01 -1.801424445869918145e+01 -1.788156106332743533e+01 -1.774045799846902938e+01 -1.759096514676992484e+01 -1.743311916098838310e+01 -1.726696343506001341e+01 -1.709254806914688629e+01 -1.690992982871673433e+01 -1.671917209770357360e+01 -1.652034482580560493e+01 -1.631352446997896877e+01 -1.609879393019084404e+01 -1.587624247950019551e+01 -1.564596568853745850e+01 -1.540806534445775000e+01 -1.516264936444734523e+01 -1.490983170386752299e+01 -1.464973225911998789e+01 -1.438247676532577124e+01 -1.410819668891180889e+01 -1.382702911520053313e+01 -1.353911663110557484e+01 -1.324460720303637018e+01 -1.294365405011950365e+01 -1.263641551284814035e+01 -1.232305491727356106e+01 -1.200374043485637898e+01 -1.167864493809772419e+01 -1.134794585207531092e+01 -1.101182500201041492e+01 -1.067046845699683999e+01 -1.032406637002455163e+01 -9.972812814434602657e+00 -9.616905616945167878e+00 -9.256546187390434000e+00 -8.891939345317652510e+00 -8.523293143591452292e+00 -8.150818689155585162e+00 -7.774729961106623399e+00 -7.395243626236018386e+00 -7.012578852200190838e+00 -6.626957118480627962e+00 -6.238602025298702003e+00 -5.847739100652638022e+00 -5.454595605645760514e+00 -5.059400338279086640e+00 -4.662383435881566562e+00 -4.263776176355375647e+00 -3.863810778414746849e+00 -3.462720200998713249e+00 -3.060737942040601123e+00 -2.658097836779187428e+00 -2.255033855796183762e+00 -1.851779902969207692e+00 -1.448569613527600719e+00 -1.045636152402251939e+00 -6.432120130600175179e-01 -2.415288170153203351e-01 1.591828857896497029e-01 5.586938155411809159e-01 9.567761598544041179e-01 1.353203769623781971e+00 1.747752353229454769e+00 2.140199668907488473e+00 2.530325715090302907e+00 2.917912918524614874e+00 3.302746319977835299e+00 3.684613757341183238e+00 4.063306045941592615e+00 4.438617155876784182e+00 4.810344386187770382e+00 5.178288535686200511e+00 5.542254070257754073e+00 5.902049286463838307e+00 6.257486471266111572e+00 6.608382057706175594e+00 6.954556776369622995e+00 7.295835802473201070e+00 7.632048898415748184e+00 7.963030551636465226e+00 8.288620107631825107e+00 8.608661897984836386e+00 8.923005363267000334e+00 9.231505170677312577e+00 9.534021326289940035e+00 9.830419281787539987e+00 1.012057003556192925e+01 1.040435022807258214e+01 1.068164223135826774e+01 1.095233423260503258e+01 1.121632031167918697e+01 1.147350051254400682e+01 1.172378090848193821e+01 1.196707366105707848e+01 1.220329707275460329e+01 1.243237563324731099e+01 1.265424005924221085e+01 1.286882732787237238e+01 1.307608070360547714e+01 1.327594975864775684e+01 1.346839038683366141e+01 1.365336481099721411e+01 1.383084158382922801e+01 1.400079558223588094e+01 1.416320799521992591e+01 1.431806630531585078e+01 1.446536426361686445e+01 1.460510185844321107e+01 1.473728527770622954e+01 1.486192686503338400e+01 1.497904506972584393e+01 1.508866439063049114e+01 1.519081531401321783e+01 1.528553424553125950e+01 1.537286343640741038e+01 1.545285090391887906e+01 1.552555034631815900e+01 1.559102105231320579e+01 1.564932780523830047e+01 1.570054078205706816e+01 1.574473544734026298e+01 1.578199244237499421e+01 1.581239746955808378e+01 1.583604117224178864e+01 1.585301901019798620e+01 1.586343113087527179e+01 1.586738223662894676e+01 1.586498144810457767e+01 1.585634216396509188e+01 1.584158191715010666e+01 1.582082222786364056e+01 1.579418845348586942e+01 1.576180963561076886e+01 1.572381834441208248e+01 1.568035052054102785e+01 1.563154531476386389e+01 1.557754492554664338e+01 1.551849443479476243e+01 1.545454164195872160e+01 1.538583689671509624e+01 1.531253293043189956e+01 1.523478468662886520e+01 1.515274915064119199e+01 1.506658517869428593e+01 1.497645332659620010e+01 1.488251567825248856e+01 1.478493567420730592e+01 1.468387794040970640e+01 1.457950811740500718e+01 1.447199269014572032e+01 1.436149881861493505e+01 1.424819416945057249e+01 1.413224674875629461e+01 1.401382473628097536e+01 1.389309632114403747e+01 1.377022953928013393e+01 1.364539211277243425e+01 1.351875129123849284e+01 1.339047369542918631e+01 1.326072516319423578e+01 1.312967059796532787e+01 1.299747381989997841e+01 1.286429741982675523e+01 1.273030261612415082e+01 1.259564911466230441e+01 1.246049497193022759e+01 1.232499646146482419e+01 1.218930794369410009e+01 1.205358173929925414e+01 1.191796800619637331e+01 1.178261462023078643e+01 1.164766705967377725e+01 1.151326829360300508e+01 1.137955867424431133e+01 1.124667583334556120e+01 1.111475458264838778e+01 1.098392681851773034e+01 1.085432143078277178e+01 1.072606421583967773e+01
