# Sat Jul 10 12:17:50 2021
# Spin blind formalism, bias turned off, lead sites decoupled
# Inputs:
# - Num. leads = (1, 1)
# - Num. impurity sites = 1
# - nelecs = (3, 0)
# - V_leads = 1.0
# - V_imp_leads = 1.0
# - V_bias = -0.005
# - mu = 0.0
# - V_gate = 0.0
# - U = 0.0
0.000000000000000000e+00 1.000000000000000021e-02 2.000000000000000042e-02 2.999999999999999889e-02 4.000000000000000083e-02 5.000000000000000278e-02 5.999999999999999778e-02 7.000000000000000666e-02 8.000000000000000167e-02 8.999999999999999667e-02 1.000000000000000056e-01 1.100000000000000006e-01 1.199999999999999956e-01 1.300000000000000044e-01 1.400000000000000133e-01 1.499999999999999944e-01 1.600000000000000033e-01 1.700000000000000122e-01 1.799999999999999933e-01 1.900000000000000022e-01 2.000000000000000111e-01 2.099999999999999922e-01 2.200000000000000011e-01 2.300000000000000100e-01 2.399999999999999911e-01 2.500000000000000000e-01 2.600000000000000089e-01 2.700000000000000178e-01 2.800000000000000266e-01 2.899999999999999800e-01 2.999999999999999889e-01 3.099999999999999978e-01 3.200000000000000067e-01 3.300000000000000155e-01 3.400000000000000244e-01 3.500000000000000333e-01 3.599999999999999867e-01 3.699999999999999956e-01 3.800000000000000044e-01 3.900000000000000133e-01 4.000000000000000222e-01 4.100000000000000311e-01 4.199999999999999845e-01 4.299999999999999933e-01 4.400000000000000022e-01 4.500000000000000111e-01 4.600000000000000200e-01 4.700000000000000289e-01 4.799999999999999822e-01 4.899999999999999911e-01 5.000000000000000000e-01 5.100000000000000089e-01 5.200000000000000178e-01 5.300000000000000266e-01 5.400000000000000355e-01 5.500000000000000444e-01 5.600000000000000533e-01 5.700000000000000622e-01 5.799999999999999600e-01 5.899999999999999689e-01 5.999999999999999778e-01 6.099999999999999867e-01 6.199999999999999956e-01 6.300000000000000044e-01 6.400000000000000133e-01 6.500000000000000222e-01 6.600000000000000311e-01 6.700000000000000400e-01 6.800000000000000488e-01 6.900000000000000577e-01 7.000000000000000666e-01 7.099999999999999645e-01 7.199999999999999734e-01 7.299999999999999822e-01 7.399999999999999911e-01 7.500000000000000000e-01 7.600000000000000089e-01 7.700000000000000178e-01 7.800000000000000266e-01 7.900000000000000355e-01 8.000000000000000444e-01 8.100000000000000533e-01 8.200000000000000622e-01 8.300000000000000711e-01 8.399999999999999689e-01 8.499999999999999778e-01 8.599999999999999867e-01 8.699999999999999956e-01 8.800000000000000044e-01 8.900000000000000133e-01 9.000000000000000222e-01 9.100000000000000311e-01 9.200000000000000400e-01 9.300000000000000488e-01 9.400000000000000577e-01 9.500000000000000666e-01 9.599999999999999645e-01 9.699999999999999734e-01 9.799999999999999822e-01 9.899999999999999911e-01 1.000000000000000000e+00 1.010000000000000009e+00 1.020000000000000018e+00 1.030000000000000027e+00 1.040000000000000036e+00 1.050000000000000044e+00 1.060000000000000053e+00 1.070000000000000062e+00 1.080000000000000071e+00 1.090000000000000080e+00 1.100000000000000089e+00 1.110000000000000098e+00 1.120000000000000107e+00 1.130000000000000115e+00 1.140000000000000124e+00 1.150000000000000133e+00 1.159999999999999920e+00 1.169999999999999929e+00 1.179999999999999938e+00 1.189999999999999947e+00 1.199999999999999956e+00 1.209999999999999964e+00 1.219999999999999973e+00 1.229999999999999982e+00 1.239999999999999991e+00 1.250000000000000000e+00 1.260000000000000009e+00 1.270000000000000018e+00 1.280000000000000027e+00 1.290000000000000036e+00 1.300000000000000044e+00 1.310000000000000053e+00 1.320000000000000062e+00 1.330000000000000071e+00 1.340000000000000080e+00 1.350000000000000089e+00 1.360000000000000098e+00 1.370000000000000107e+00 1.380000000000000115e+00 1.390000000000000124e+00 1.400000000000000133e+00 1.409999999999999920e+00 1.419999999999999929e+00 1.429999999999999938e+00 1.439999999999999947e+00 1.449999999999999956e+00 1.459999999999999964e+00 1.469999999999999973e+00 1.479999999999999982e+00 1.489999999999999991e+00 1.500000000000000000e+00 1.510000000000000009e+00 1.520000000000000018e+00 1.530000000000000027e+00 1.540000000000000036e+00 1.550000000000000044e+00 1.560000000000000053e+00 1.570000000000000062e+00 1.580000000000000071e+00 1.590000000000000080e+00 1.600000000000000089e+00 1.610000000000000098e+00 1.620000000000000107e+00 1.630000000000000115e+00 1.640000000000000124e+00 1.650000000000000133e+00 1.660000000000000142e+00 1.669999999999999929e+00 1.679999999999999938e+00 1.689999999999999947e+00 1.699999999999999956e+00 1.709999999999999964e+00 1.719999999999999973e+00 1.729999999999999982e+00 1.739999999999999991e+00 1.750000000000000000e+00 1.760000000000000009e+00 1.770000000000000018e+00 1.780000000000000027e+00 1.790000000000000036e+00 1.800000000000000044e+00 1.810000000000000053e+00 1.820000000000000062e+00 1.830000000000000071e+00 1.840000000000000080e+00 1.850000000000000089e+00 1.860000000000000098e+00 1.870000000000000107e+00 1.880000000000000115e+00 1.890000000000000124e+00 1.900000000000000133e+00 1.910000000000000142e+00 1.919999999999999929e+00 1.929999999999999938e+00 1.939999999999999947e+00 1.949999999999999956e+00 1.959999999999999964e+00 1.969999999999999973e+00 1.979999999999999982e+00 1.989999999999999991e+00 2.000000000000000000e+00 2.010000000000000231e+00 2.020000000000000018e+00 2.030000000000000249e+00 2.040000000000000036e+00 2.049999999999999822e+00 2.060000000000000053e+00 2.069999999999999840e+00 2.080000000000000071e+00 2.089999999999999858e+00 2.100000000000000089e+00 2.109999999999999876e+00 2.120000000000000107e+00 2.129999999999999893e+00 2.140000000000000124e+00 2.149999999999999911e+00 2.160000000000000142e+00 2.169999999999999929e+00 2.180000000000000160e+00 2.189999999999999947e+00 2.200000000000000178e+00 2.209999999999999964e+00 2.220000000000000195e+00 2.229999999999999982e+00 2.240000000000000213e+00 2.250000000000000000e+00 2.260000000000000231e+00 2.270000000000000018e+00 2.280000000000000249e+00 2.290000000000000036e+00 2.300000000000000266e+00 2.310000000000000053e+00 2.319999999999999840e+00 2.330000000000000071e+00 2.339999999999999858e+00 2.350000000000000089e+00 2.359999999999999876e+00 2.370000000000000107e+00 2.379999999999999893e+00 2.390000000000000124e+00 2.399999999999999911e+00 2.410000000000000142e+00 2.419999999999999929e+00 2.430000000000000160e+00 2.439999999999999947e+00 2.450000000000000178e+00 2.459999999999999964e+00 2.470000000000000195e+00 2.479999999999999982e+00 2.490000000000000213e+00 2.500000000000000000e+00 2.510000000000000231e+00 2.520000000000000018e+00 2.530000000000000249e+00 2.540000000000000036e+00 2.550000000000000266e+00 2.560000000000000053e+00 2.569999999999999840e+00 2.580000000000000071e+00 2.589999999999999858e+00 2.600000000000000089e+00 2.609999999999999876e+00 2.620000000000000107e+00 2.629999999999999893e+00 2.640000000000000124e+00 2.649999999999999911e+00 2.660000000000000142e+00 2.669999999999999929e+00 2.680000000000000160e+00 2.689999999999999947e+00 2.700000000000000178e+00 2.709999999999999964e+00 2.720000000000000195e+00 2.729999999999999982e+00 2.740000000000000213e+00 2.750000000000000000e+00 2.760000000000000231e+00 2.770000000000000018e+00 2.780000000000000249e+00 2.790000000000000036e+00 2.800000000000000266e+00 2.810000000000000053e+00 2.819999999999999840e+00 2.830000000000000071e+00 2.839999999999999858e+00 2.850000000000000089e+00 2.859999999999999876e+00 2.870000000000000107e+00 2.879999999999999893e+00 2.890000000000000124e+00 2.899999999999999911e+00 2.910000000000000142e+00 2.919999999999999929e+00 2.930000000000000160e+00 2.939999999999999947e+00 2.950000000000000178e+00 2.959999999999999964e+00 2.970000000000000195e+00 2.979999999999999982e+00 2.990000000000000213e+00 3.000000000000000000e+00 3.010000000000000231e+00 3.020000000000000018e+00 3.030000000000000249e+00 3.040000000000000036e+00 3.050000000000000266e+00 3.060000000000000053e+00 3.070000000000000284e+00 3.080000000000000071e+00 3.089999999999999858e+00 3.100000000000000089e+00 3.109999999999999876e+00 3.120000000000000107e+00 3.129999999999999893e+00 3.140000000000000124e+00 3.149999999999999911e+00 3.160000000000000142e+00 3.169999999999999929e+00 3.180000000000000160e+00 3.189999999999999947e+00 3.200000000000000178e+00 3.209999999999999964e+00 3.220000000000000195e+00 3.229999999999999982e+00 3.240000000000000213e+00 3.250000000000000000e+00 3.260000000000000231e+00 3.270000000000000018e+00 3.280000000000000249e+00 3.290000000000000036e+00 3.300000000000000266e+00 3.310000000000000053e+00 3.320000000000000284e+00 3.330000000000000071e+00 3.339999999999999858e+00 3.350000000000000089e+00 3.359999999999999876e+00 3.370000000000000107e+00 3.379999999999999893e+00 3.390000000000000124e+00 3.399999999999999911e+00 3.410000000000000142e+00 3.419999999999999929e+00 3.430000000000000160e+00 3.439999999999999947e+00 3.450000000000000178e+00 3.459999999999999964e+00 3.470000000000000195e+00 3.479999999999999982e+00 3.490000000000000213e+00 3.500000000000000000e+00 3.510000000000000231e+00 3.520000000000000018e+00 3.530000000000000249e+00 3.540000000000000036e+00 3.550000000000000266e+00 3.560000000000000053e+00 3.570000000000000284e+00 3.580000000000000071e+00 3.589999999999999858e+00 3.600000000000000089e+00 3.609999999999999876e+00 3.620000000000000107e+00 3.629999999999999893e+00 3.640000000000000124e+00 3.649999999999999911e+00 3.660000000000000142e+00 3.669999999999999929e+00 3.680000000000000160e+00 3.689999999999999947e+00 3.700000000000000178e+00 3.709999999999999964e+00 3.720000000000000195e+00 3.729999999999999982e+00 3.740000000000000213e+00 3.750000000000000000e+00 3.760000000000000231e+00 3.770000000000000018e+00 3.780000000000000249e+00 3.790000000000000036e+00 3.800000000000000266e+00 3.810000000000000053e+00 3.820000000000000284e+00 3.830000000000000071e+00 3.839999999999999858e+00 3.850000000000000089e+00 3.859999999999999876e+00 3.870000000000000107e+00 3.879999999999999893e+00 3.890000000000000124e+00 3.899999999999999911e+00 3.910000000000000142e+00 3.919999999999999929e+00 3.930000000000000160e+00 3.939999999999999947e+00 3.950000000000000178e+00 3.959999999999999964e+00 3.970000000000000195e+00 3.979999999999999982e+00 3.990000000000000213e+00 4.000000000000000000e+00 4.009999999999999787e+00 4.020000000000000462e+00 4.030000000000000249e+00 4.040000000000000036e+00 4.049999999999999822e+00 4.060000000000000497e+00 4.070000000000000284e+00 4.080000000000000071e+00 4.089999999999999858e+00 4.099999999999999645e+00 4.110000000000000320e+00 4.120000000000000107e+00 4.129999999999999893e+00 4.139999999999999680e+00 4.150000000000000355e+00 4.160000000000000142e+00 4.169999999999999929e+00 4.179999999999999716e+00 4.190000000000000391e+00 4.200000000000000178e+00 4.209999999999999964e+00 4.219999999999999751e+00 4.230000000000000426e+00 4.240000000000000213e+00 4.250000000000000000e+00 4.259999999999999787e+00 4.270000000000000462e+00 4.280000000000000249e+00 4.290000000000000036e+00 4.299999999999999822e+00 4.310000000000000497e+00 4.320000000000000284e+00 4.330000000000000071e+00 4.339999999999999858e+00 4.350000000000000533e+00 4.360000000000000320e+00 4.370000000000000107e+00 4.379999999999999893e+00 4.389999999999999680e+00 4.400000000000000355e+00 4.410000000000000142e+00 4.419999999999999929e+00 4.429999999999999716e+00 4.440000000000000391e+00 4.450000000000000178e+00 4.459999999999999964e+00 4.469999999999999751e+00 4.480000000000000426e+00 4.490000000000000213e+00 4.500000000000000000e+00 4.509999999999999787e+00 4.520000000000000462e+00 4.530000000000000249e+00 4.540000000000000036e+00 4.549999999999999822e+00 4.560000000000000497e+00 4.570000000000000284e+00 4.580000000000000071e+00 4.589999999999999858e+00 4.600000000000000533e+00 4.610000000000000320e+00 4.620000000000000107e+00 4.629999999999999893e+00 4.639999999999999680e+00 4.650000000000000355e+00 4.660000000000000142e+00 4.669999999999999929e+00 4.679999999999999716e+00 4.690000000000000391e+00 4.700000000000000178e+00 4.709999999999999964e+00 4.719999999999999751e+00 4.730000000000000426e+00 4.740000000000000213e+00 4.750000000000000000e+00 4.759999999999999787e+00 4.770000000000000462e+00 4.780000000000000249e+00 4.790000000000000036e+00 4.799999999999999822e+00 4.810000000000000497e+00 4.820000000000000284e+00 4.830000000000000071e+00 4.839999999999999858e+00 4.850000000000000533e+00 4.860000000000000320e+00 4.870000000000000107e+00 4.879999999999999893e+00 4.889999999999999680e+00 4.900000000000000355e+00 4.910000000000000142e+00 4.919999999999999929e+00 4.929999999999999716e+00 4.940000000000000391e+00 4.950000000000000178e+00 4.959999999999999964e+00 4.969999999999999751e+00 4.980000000000000426e+00 4.990000000000000213e+00 5.000000000000000000e+00 5.009999999999999787e+00 5.020000000000000462e+00 5.030000000000000249e+00 5.040000000000000036e+00 5.049999999999999822e+00 5.060000000000000497e+00 5.070000000000000284e+00 5.080000000000000071e+00 5.089999999999999858e+00 5.100000000000000533e+00 5.110000000000000320e+00 5.120000000000000107e+00 5.129999999999999893e+00 5.139999999999999680e+00 5.150000000000000355e+00 5.160000000000000142e+00 5.169999999999999929e+00 5.179999999999999716e+00 5.190000000000000391e+00 5.200000000000000178e+00 5.209999999999999964e+00 5.219999999999999751e+00 5.230000000000000426e+00 5.240000000000000213e+00 5.250000000000000000e+00 5.259999999999999787e+00 5.270000000000000462e+00 5.280000000000000249e+00 5.290000000000000036e+00 5.299999999999999822e+00 5.310000000000000497e+00 5.320000000000000284e+00 5.330000000000000071e+00 5.339999999999999858e+00 5.350000000000000533e+00 5.360000000000000320e+00 5.370000000000000107e+00 5.379999999999999893e+00 5.389999999999999680e+00 5.400000000000000355e+00 5.410000000000000142e+00 5.419999999999999929e+00 5.429999999999999716e+00 5.440000000000000391e+00 5.450000000000000178e+00 5.459999999999999964e+00 5.469999999999999751e+00 5.480000000000000426e+00 5.490000000000000213e+00 5.500000000000000000e+00 5.509999999999999787e+00 5.520000000000000462e+00 5.530000000000000249e+00 5.540000000000000036e+00 5.549999999999999822e+00 5.560000000000000497e+00 5.570000000000000284e+00 5.580000000000000071e+00 5.589999999999999858e+00 5.600000000000000533e+00 5.610000000000000320e+00 5.620000000000000107e+00 5.629999999999999893e+00 5.639999999999999680e+00 5.650000000000000355e+00 5.660000000000000142e+00 5.669999999999999929e+00 5.679999999999999716e+00 5.690000000000000391e+00 5.700000000000000178e+00 5.709999999999999964e+00 5.719999999999999751e+00 5.730000000000000426e+00 5.740000000000000213e+00 5.750000000000000000e+00 5.759999999999999787e+00 5.770000000000000462e+00 5.780000000000000249e+00 5.790000000000000036e+00 5.799999999999999822e+00 5.810000000000000497e+00 5.820000000000000284e+00 5.830000000000000071e+00 5.839999999999999858e+00 5.850000000000000533e+00 5.860000000000000320e+00 5.870000000000000107e+00 5.879999999999999893e+00 5.889999999999999680e+00 5.900000000000000355e+00 5.910000000000000142e+00 5.919999999999999929e+00 5.929999999999999716e+00 5.940000000000000391e+00 5.950000000000000178e+00 5.959999999999999964e+00 5.969999999999999751e+00 5.980000000000000426e+00 5.990000000000000213e+00 6.000000000000000000e+00 6.009999999999999787e+00 6.020000000000000462e+00 6.030000000000000249e+00 6.040000000000000036e+00 6.049999999999999822e+00 6.060000000000000497e+00 6.070000000000000284e+00 6.080000000000000071e+00 6.089999999999999858e+00 6.100000000000000533e+00 6.110000000000000320e+00 6.120000000000000107e+00 6.129999999999999893e+00 6.140000000000000568e+00 6.150000000000000355e+00 6.160000000000000142e+00 6.169999999999999929e+00 6.179999999999999716e+00 6.190000000000000391e+00 6.200000000000000178e+00 6.209999999999999964e+00 6.219999999999999751e+00 6.230000000000000426e+00 6.240000000000000213e+00 6.250000000000000000e+00 6.259999999999999787e+00 6.270000000000000462e+00 6.280000000000000249e+00 6.290000000000000036e+00 6.299999999999999822e+00 6.310000000000000497e+00 6.320000000000000284e+00 6.330000000000000071e+00 6.339999999999999858e+00 6.350000000000000533e+00 6.360000000000000320e+00 6.370000000000000107e+00 6.379999999999999893e+00 6.390000000000000568e+00 6.400000000000000355e+00 6.410000000000000142e+00 6.419999999999999929e+00 6.429999999999999716e+00 6.440000000000000391e+00 6.450000000000000178e+00 6.459999999999999964e+00 6.469999999999999751e+00 6.480000000000000426e+00 6.490000000000000213e+00 6.500000000000000000e+00 6.509999999999999787e+00 6.520000000000000462e+00 6.530000000000000249e+00 6.540000000000000036e+00 6.549999999999999822e+00 6.560000000000000497e+00 6.570000000000000284e+00 6.580000000000000071e+00 6.589999999999999858e+00 6.600000000000000533e+00 6.610000000000000320e+00 6.620000000000000107e+00 6.629999999999999893e+00 6.640000000000000568e+00 6.650000000000000355e+00 6.660000000000000142e+00 6.669999999999999929e+00 6.679999999999999716e+00 6.690000000000000391e+00 6.700000000000000178e+00 6.709999999999999964e+00 6.719999999999999751e+00 6.730000000000000426e+00 6.740000000000000213e+00 6.750000000000000000e+00 6.759999999999999787e+00 6.770000000000000462e+00 6.780000000000000249e+00 6.790000000000000036e+00 6.799999999999999822e+00 6.810000000000000497e+00 6.820000000000000284e+00 6.830000000000000071e+00 6.839999999999999858e+00 6.850000000000000533e+00 6.860000000000000320e+00 6.870000000000000107e+00 6.879999999999999893e+00 6.890000000000000568e+00 6.900000000000000355e+00 6.910000000000000142e+00 6.919999999999999929e+00 6.929999999999999716e+00 6.940000000000000391e+00 6.950000000000000178e+00 6.959999999999999964e+00 6.969999999999999751e+00 6.980000000000000426e+00 6.990000000000000213e+00 7.000000000000000000e+00 7.009999999999999787e+00 7.020000000000000462e+00 7.030000000000000249e+00 7.040000000000000036e+00 7.049999999999999822e+00 7.060000000000000497e+00 7.070000000000000284e+00 7.080000000000000071e+00 7.089999999999999858e+00 7.100000000000000533e+00 7.110000000000000320e+00 7.120000000000000107e+00 7.129999999999999893e+00 7.140000000000000568e+00 7.150000000000000355e+00 7.160000000000000142e+00 7.169999999999999929e+00 7.179999999999999716e+00 7.190000000000000391e+00 7.200000000000000178e+00 7.209999999999999964e+00 7.219999999999999751e+00 7.230000000000000426e+00 7.240000000000000213e+00 7.250000000000000000e+00 7.259999999999999787e+00 7.270000000000000462e+00 7.280000000000000249e+00 7.290000000000000036e+00 7.299999999999999822e+00 7.310000000000000497e+00 7.320000000000000284e+00 7.330000000000000071e+00 7.339999999999999858e+00 7.350000000000000533e+00 7.360000000000000320e+00 7.370000000000000107e+00 7.379999999999999893e+00 7.390000000000000568e+00 7.400000000000000355e+00 7.410000000000000142e+00 7.419999999999999929e+00 7.429999999999999716e+00 7.440000000000000391e+00 7.450000000000000178e+00 7.459999999999999964e+00 7.469999999999999751e+00 7.480000000000000426e+00 7.490000000000000213e+00 7.500000000000000000e+00 7.509999999999999787e+00 7.520000000000000462e+00 7.530000000000000249e+00 7.540000000000000036e+00 7.549999999999999822e+00 7.560000000000000497e+00 7.570000000000000284e+00 7.580000000000000071e+00 7.589999999999999858e+00 7.600000000000000533e+00 7.610000000000000320e+00 7.620000000000000107e+00 7.629999999999999893e+00 7.640000000000000568e+00 7.650000000000000355e+00 7.660000000000000142e+00 7.669999999999999929e+00 7.679999999999999716e+00 7.690000000000000391e+00 7.700000000000000178e+00 7.709999999999999964e+00 7.719999999999999751e+00 7.730000000000000426e+00 7.740000000000000213e+00 7.750000000000000000e+00 7.759999999999999787e+00 7.770000000000000462e+00 7.780000000000000249e+00 7.790000000000000036e+00 7.799999999999999822e+00 7.810000000000000497e+00 7.820000000000000284e+00 7.830000000000000071e+00 7.839999999999999858e+00 7.850000000000000533e+00 7.860000000000000320e+00 7.870000000000000107e+00 7.879999999999999893e+00 7.890000000000000568e+00 7.900000000000000355e+00 7.910000000000000142e+00 7.919999999999999929e+00 7.930000000000000604e+00 7.940000000000000391e+00 7.950000000000000178e+00 7.959999999999999964e+00 7.969999999999999751e+00 7.980000000000000426e+00 7.990000000000000213e+00 8.000000000000000000e+00 8.009999999999999787e+00 8.019999999999999574e+00 8.029999999999999361e+00 8.040000000000000924e+00 8.050000000000000711e+00 8.060000000000000497e+00 8.070000000000000284e+00 8.080000000000000071e+00 8.089999999999999858e+00 8.099999999999999645e+00 8.109999999999999432e+00 8.120000000000000995e+00 8.130000000000000782e+00 8.140000000000000568e+00 8.150000000000000355e+00 8.160000000000000142e+00 8.169999999999999929e+00 8.179999999999999716e+00 8.189999999999999503e+00 8.199999999999999289e+00 8.210000000000000853e+00 8.220000000000000639e+00 8.230000000000000426e+00 8.240000000000000213e+00 8.250000000000000000e+00 8.259999999999999787e+00 8.269999999999999574e+00 8.279999999999999361e+00 8.290000000000000924e+00 8.300000000000000711e+00 8.310000000000000497e+00 8.320000000000000284e+00 8.330000000000000071e+00 8.339999999999999858e+00 8.349999999999999645e+00 8.359999999999999432e+00 8.370000000000000995e+00 8.380000000000000782e+00 8.390000000000000568e+00 8.400000000000000355e+00 8.410000000000000142e+00 8.419999999999999929e+00 8.429999999999999716e+00 8.439999999999999503e+00 8.449999999999999289e+00 8.460000000000000853e+00 8.470000000000000639e+00 8.480000000000000426e+00 8.490000000000000213e+00 8.500000000000000000e+00 8.509999999999999787e+00 8.519999999999999574e+00 8.529999999999999361e+00 8.540000000000000924e+00 8.550000000000000711e+00 8.560000000000000497e+00 8.570000000000000284e+00 8.580000000000000071e+00 8.589999999999999858e+00 8.599999999999999645e+00 8.609999999999999432e+00 8.620000000000000995e+00 8.630000000000000782e+00 8.640000000000000568e+00 8.650000000000000355e+00 8.660000000000000142e+00 8.669999999999999929e+00 8.679999999999999716e+00 8.689999999999999503e+00 8.700000000000001066e+00 8.710000000000000853e+00 8.720000000000000639e+00 8.730000000000000426e+00 8.740000000000000213e+00 8.750000000000000000e+00 8.759999999999999787e+00 8.769999999999999574e+00 8.779999999999999361e+00 8.790000000000000924e+00 8.800000000000000711e+00 8.810000000000000497e+00 8.820000000000000284e+00 8.830000000000000071e+00 8.839999999999999858e+00 8.849999999999999645e+00 8.859999999999999432e+00 8.870000000000000995e+00 8.880000000000000782e+00 8.890000000000000568e+00 8.900000000000000355e+00 8.910000000000000142e+00 8.919999999999999929e+00 8.929999999999999716e+00 8.939999999999999503e+00 8.950000000000001066e+00 8.960000000000000853e+00 8.970000000000000639e+00 8.980000000000000426e+00 8.990000000000000213e+00 9.000000000000000000e+00 9.009999999999999787e+00 9.019999999999999574e+00 9.029999999999999361e+00 9.040000000000000924e+00 9.050000000000000711e+00 9.060000000000000497e+00 9.070000000000000284e+00 9.080000000000000071e+00 9.089999999999999858e+00 9.099999999999999645e+00 9.109999999999999432e+00 9.120000000000000995e+00 9.130000000000000782e+00 9.140000000000000568e+00 9.150000000000000355e+00 9.160000000000000142e+00 9.169999999999999929e+00 9.179999999999999716e+00 9.189999999999999503e+00 9.200000000000001066e+00 9.210000000000000853e+00 9.220000000000000639e+00 9.230000000000000426e+00 9.240000000000000213e+00 9.250000000000000000e+00 9.259999999999999787e+00 9.269999999999999574e+00 9.279999999999999361e+00 9.290000000000000924e+00 9.300000000000000711e+00 9.310000000000000497e+00 9.320000000000000284e+00 9.330000000000000071e+00 9.339999999999999858e+00 9.349999999999999645e+00 9.359999999999999432e+00 9.370000000000000995e+00 9.380000000000000782e+00 9.390000000000000568e+00 9.400000000000000355e+00 9.410000000000000142e+00 9.419999999999999929e+00 9.429999999999999716e+00 9.439999999999999503e+00 9.450000000000001066e+00 9.460000000000000853e+00 9.470000000000000639e+00 9.480000000000000426e+00 9.490000000000000213e+00 9.500000000000000000e+00 9.509999999999999787e+00 9.519999999999999574e+00 9.529999999999999361e+00 9.540000000000000924e+00 9.550000000000000711e+00 9.560000000000000497e+00 9.570000000000000284e+00 9.580000000000000071e+00 9.589999999999999858e+00 9.599999999999999645e+00 9.609999999999999432e+00 9.620000000000000995e+00 9.630000000000000782e+00 9.640000000000000568e+00 9.650000000000000355e+00 9.660000000000000142e+00 9.669999999999999929e+00 9.679999999999999716e+00 9.689999999999999503e+00 9.700000000000001066e+00 9.710000000000000853e+00 9.720000000000000639e+00 9.730000000000000426e+00 9.740000000000000213e+00 9.750000000000000000e+00 9.759999999999999787e+00 9.769999999999999574e+00 9.779999999999999361e+00 9.790000000000000924e+00 9.800000000000000711e+00 9.810000000000000497e+00 9.820000000000000284e+00 9.830000000000000071e+00 9.839999999999999858e+00 9.849999999999999645e+00 9.859999999999999432e+00 9.870000000000000995e+00 9.880000000000000782e+00 9.890000000000000568e+00 9.900000000000000355e+00 9.910000000000000142e+00 9.919999999999999929e+00 9.929999999999999716e+00 9.939999999999999503e+00 9.950000000000001066e+00 9.960000000000000853e+00 9.970000000000000639e+00 9.980000000000000426e+00 9.990000000000000213e+00 1.000000000000000000e+01 1.000999999999999979e+01 1.001999999999999957e+01 1.002999999999999936e+01 1.004000000000000092e+01 1.005000000000000071e+01 1.006000000000000050e+01 1.007000000000000028e+01 1.008000000000000007e+01 1.008999999999999986e+01 1.009999999999999964e+01 1.010999999999999943e+01 1.012000000000000099e+01 1.013000000000000078e+01 1.014000000000000057e+01 1.015000000000000036e+01 1.016000000000000014e+01 1.016999999999999993e+01 1.017999999999999972e+01 1.018999999999999950e+01 1.020000000000000107e+01 1.021000000000000085e+01 1.022000000000000064e+01 1.023000000000000043e+01 1.024000000000000021e+01 1.025000000000000000e+01 1.025999999999999979e+01 1.026999999999999957e+01 1.027999999999999936e+01 1.029000000000000092e+01 1.030000000000000071e+01 1.031000000000000050e+01 1.032000000000000028e+01 1.033000000000000007e+01 1.033999999999999986e+01 1.034999999999999964e+01 1.035999999999999943e+01 1.037000000000000099e+01 1.038000000000000078e+01 1.039000000000000057e+01 1.040000000000000036e+01 1.041000000000000014e+01 1.041999999999999993e+01 1.042999999999999972e+01 1.043999999999999950e+01 1.045000000000000107e+01 1.046000000000000085e+01 1.047000000000000064e+01 1.048000000000000043e+01 1.049000000000000021e+01 1.050000000000000000e+01 1.050999999999999979e+01 1.051999999999999957e+01 1.052999999999999936e+01 1.054000000000000092e+01 1.055000000000000071e+01 1.056000000000000050e+01 1.057000000000000028e+01 1.058000000000000007e+01 1.058999999999999986e+01 1.059999999999999964e+01 1.060999999999999943e+01 1.062000000000000099e+01 1.063000000000000078e+01 1.064000000000000057e+01 1.065000000000000036e+01 1.066000000000000014e+01 1.066999999999999993e+01 1.067999999999999972e+01 1.068999999999999950e+01 1.070000000000000107e+01 1.071000000000000085e+01 1.072000000000000064e+01 1.073000000000000043e+01 1.074000000000000021e+01 1.075000000000000000e+01 1.075999999999999979e+01 1.076999999999999957e+01 1.077999999999999936e+01 1.079000000000000092e+01 1.080000000000000071e+01 1.081000000000000050e+01 1.082000000000000028e+01 1.083000000000000007e+01 1.083999999999999986e+01 1.084999999999999964e+01 1.085999999999999943e+01 1.087000000000000099e+01 1.088000000000000078e+01 1.089000000000000057e+01 1.090000000000000036e+01 1.091000000000000014e+01 1.091999999999999993e+01 1.092999999999999972e+01 1.093999999999999950e+01 1.095000000000000107e+01 1.096000000000000085e+01 1.097000000000000064e+01 1.098000000000000043e+01 1.099000000000000021e+01 1.100000000000000000e+01 1.100999999999999979e+01 1.101999999999999957e+01 1.102999999999999936e+01 1.104000000000000092e+01 1.105000000000000071e+01 1.106000000000000050e+01 1.107000000000000028e+01 1.108000000000000007e+01 1.108999999999999986e+01 1.109999999999999964e+01 1.110999999999999943e+01 1.112000000000000099e+01 1.113000000000000078e+01 1.114000000000000057e+01 1.115000000000000036e+01 1.116000000000000014e+01 1.116999999999999993e+01 1.117999999999999972e+01 1.118999999999999950e+01 1.120000000000000107e+01 1.121000000000000085e+01 1.122000000000000064e+01 1.123000000000000043e+01 1.124000000000000021e+01 1.125000000000000000e+01 1.125999999999999979e+01 1.126999999999999957e+01 1.127999999999999936e+01 1.129000000000000092e+01 1.130000000000000071e+01 1.131000000000000050e+01 1.132000000000000028e+01 1.133000000000000007e+01 1.133999999999999986e+01 1.134999999999999964e+01 1.135999999999999943e+01 1.137000000000000099e+01 1.138000000000000078e+01 1.139000000000000057e+01 1.140000000000000036e+01 1.141000000000000014e+01 1.141999999999999993e+01 1.142999999999999972e+01 1.143999999999999950e+01 1.145000000000000107e+01 1.146000000000000085e+01 1.147000000000000064e+01 1.148000000000000043e+01 1.149000000000000021e+01 1.150000000000000000e+01 1.150999999999999979e+01 1.151999999999999957e+01 1.152999999999999936e+01 1.154000000000000092e+01 1.155000000000000071e+01 1.156000000000000050e+01 1.157000000000000028e+01 1.158000000000000007e+01 1.158999999999999986e+01 1.159999999999999964e+01 1.160999999999999943e+01 1.162000000000000099e+01 1.163000000000000078e+01 1.164000000000000057e+01 1.165000000000000036e+01 1.166000000000000014e+01 1.166999999999999993e+01 1.167999999999999972e+01 1.168999999999999950e+01 1.170000000000000107e+01 1.171000000000000085e+01 1.172000000000000064e+01 1.173000000000000043e+01 1.174000000000000021e+01 1.175000000000000000e+01 1.175999999999999979e+01 1.176999999999999957e+01 1.177999999999999936e+01 1.179000000000000092e+01 1.180000000000000071e+01 1.181000000000000050e+01 1.182000000000000028e+01 1.183000000000000007e+01 1.183999999999999986e+01 1.184999999999999964e+01 1.185999999999999943e+01 1.187000000000000099e+01 1.188000000000000078e+01 1.189000000000000057e+01 1.190000000000000036e+01 1.191000000000000014e+01 1.191999999999999993e+01 1.192999999999999972e+01 1.193999999999999950e+01 1.195000000000000107e+01 1.196000000000000085e+01 1.197000000000000064e+01 1.198000000000000043e+01 1.199000000000000021e+01 1.200000000000000000e+01
0.000000000000000000e+00 2.221367406000722411e-02 4.442290544553766790e-02 6.662325237052633964e-02 8.881027482577624754e-02 1.109795354669481510e-01 1.331266005020175502e-01 1.552470405780208007e-01 1.773364316669141239e-01 1.993903559503665546e-01 2.214044027033125750e-01 2.433741691760841486e-01 2.652952614749495841e-01 2.871632954408795957e-01 3.089738975263680576e-01 3.307227056701287915e-01 3.524053701694965790e-01 3.740175545503561239e-01 3.955549364344236873e-01 4.170132084037134756e-01 4.383880788620068136e-01 4.596752728931620680e-01 4.808705331160847973e-01 5.019696205361929842e-01 5.229683153932046524e-01 5.438624180050780632e-01 5.646477496079368441e-01 5.853201531918117428e-01 6.058754943320310282e-01 6.263096620160942818e-01 6.466185694658636018e-01 6.667981549549089060e-01 6.868443826208405767e-01 7.067532432724733527e-01 7.265207551916516016e-01 7.461429649295825417e-01 7.656159480975172071e-01 7.849358101516138442e-01 8.040986871718408535e-01 8.231007466347455281e-01 8.419381881799519185e-01 8.606072443702206254e-01 8.791041814449270797e-01 8.974253000668037661e-01 9.155669360617957331e-01 9.335254611518872814e-01 9.512972836807477295e-01 9.688788493320523720e-01 9.862666418403354118e-01 1.003457183694234756e+00 1.020447036831984677e+00 1.037232803329017683e+00 1.053811126077543348e+00 1.070178689457955690e+00 1.086332220001952065e+00 1.102268487047217471e+00 1.117984303383546818e+00 1.133476525890279696e+00 1.148742056164914427e+00 1.163777841142782599e+00 1.178580873707650856e+00 1.193148193293138259e+00 1.207476886474819988e+00 1.221564087552906130e+00 1.235406979125372340e+00 1.249002792651432214e+00 1.262348809005239270e+00 1.275442359019703487e+00 1.288280824020321402e+00 1.300861636348896067e+00 1.313182279877070036e+00 1.325240290509538621e+00 1.337033256676865456e+00 1.348558819817786247e+00 1.359814674850921001e+00 1.370798570635777702e+00 1.381508310422974617e+00 1.391941752293590628e+00 1.402096809587536130e+00 1.411971451320882087e+00 1.421563702592052225e+00 1.430871644976797086e+00 1.439893416911872448e+00 1.448627214067349733e+00 1.457071289707475126e+00 1.465223955040011017e+00 1.473083579553993383e+00 1.480648591345826048e+00 1.487917477433659208e+00 1.494888784059980491e+00 1.501561116982363497e+00 1.507933141752311412e+00 1.514003583982144407e+00 1.519771229599872875e+00 1.525234925092007643e+00 1.530393577734262767e+00 1.535246155810093827e+00 1.539791688817039983e+00 1.544029267660821159e+00 1.547958044837157043e+00 1.551577234601260846e+00 1.554886113124991143e+00 1.557884018641612967e+00 1.560570351578148163e+00 1.562944574675290355e+00 1.565006213094856768e+00 1.566754854514750273e+00 1.568190149211426743e+00 1.569311810129837115e+00 1.570119612940835685e+00 1.570613396086049107e+00 1.570793060810186548e+00 1.570658571180786778e+00 1.570209954095411531e+00 1.569447299276258700e+00 1.568370759252223801e+00 1.566980549328390149e+00 1.565276947542973307e+00 1.563260294611709567e+00 1.560930993859716231e+00 1.558289511140826811e+00 1.555336374744422656e+00 1.552072175289774369e+00 1.548497565607922066e+00 1.544613260611109373e+00 1.540420037149803356e+00 1.535918733857326357e+00 1.531110250982131937e+00 1.525995550207756235e+00 1.520575654460487813e+00 1.514851647704778204e+00 1.508824674726459758e+00 1.502495940903786575e+00 1.495866711966364004e+00 1.488938313742004027e+00 1.481712131891567585e+00 1.474189611631832930e+00 1.466372257446453720e+00 1.458261632785072148e+00 1.449859359750631294e+00 1.441167118774956402e+00 1.432186648282675057e+00 1.422919744343537296e+00 1.413368260313206726e+00 1.403534106462591025e+00 1.393419249595797771e+00 1.383025712656776207e+00 1.372355574324734651e+00 1.361410968598409932e+00 1.350194084369273684e+00 1.338707164983759412e+00 1.326952507794602054e+00 1.314932463701367960e+00 1.302649436680286099e+00 1.290105883303460654e+00 1.277304312247557139e+00 1.264247283792079068e+00 1.250937409307316006e+00 1.237377350732080217e+00 1.223569820041321421e+00 1.209517578703743323e+00 1.195223437129514732e+00 1.180690254108194504e+00 1.165920936236985339e+00 1.150918437339419231e+00 1.135685757874600466e+00 1.120225944337122748e+00 1.104542088647779252e+00 1.088637327535185273e+00 1.072514841908443373e+00 1.056177856220966493e+00 1.039629637825600028e+00 1.022873496321157205e+00 1.005912782890509893e+00 9.887508896303610628e-01 9.713912488728326800e-01 9.538373324990112589e-01 9.360926512445799652e-01 9.181607539976803789e-01 9.000452270891456941e-01 8.817496935752422438e-01 8.632778125130712299e-01 8.446332782287637730e-01 8.258198195786287110e-01 8.068411992033888147e-01 7.877012127756655158e-01 7.684036882408519231e-01 7.489524850515366650e-01 7.293514933956225521e-01 7.096046334182973814e-01 6.897158544380210810e-01 6.696891341566678646e-01 6.495284778639971446e-01 6.292379176366097449e-01 6.088215115315401826e-01 5.882833427746556598e-01 5.676275189440275204e-01 5.468581711484190588e-01 5.259794532010809709e-01 5.049955407889975545e-01 4.839106306377600197e-01 4.627289396722347181e-01 4.414547041731871069e-01 4.200921789300399722e-01 3.986456363899251176e-01 3.771193658032051532e-01 3.555176723656370830e-01 3.338448763573423350e-01 3.121053122787647016e-01 2.903033279837811675e-01 2.684432838101421526e-01 2.465295517074164722e-01 2.245665143626138782e-01 2.025585643236577083e-01 1.805101031208896922e-01 1.584255403867735335e-01 1.363092929739823100e-01 1.141657840720378403e-01 9.199944232268668365e-02 6.981470093418243317e-02 4.761599679465738227e-02 2.540776958475548380e-02 3.194460889709468954e-03 -1.901948668896497052e-02 -4.122963042197697048e-02 -6.343152834079444913e-02 -8.562074012602599593e-02 -1.077928279954722263e-01 -1.299433575916708050e-01 -1.520678988687549082e-01 -1.741620269784519837e-01 -1.962213231550398451e-01 -2.182413755990885162e-01 -2.402177803598082584e-01 -2.621461422158277155e-01 -2.840220755542260944e-01 -3.058412052476441323e-01 -3.275991675292970751e-01 -3.492916108657166951e-01 -3.709141968270470158e-01 -3.924626009547168004e-01 -4.139325136263211635e-01 -4.353196409175323911e-01 -4.566197054608745476e-01 -4.778284473011876754e-01 -4.989416247476017863e-01 -5.199550152218673782e-01 -5.408644161028598463e-01 -5.616656455670900883e-01 -5.823545434250601005e-01 -6.029269719532874827e-01 -6.233788167218414777e-01 -6.437059874172144092e-01 -6.639044186603760833e-01 -6.839700708198390711e-01 -7.038989308195700012e-01 -7.236870129415979846e-01 -7.433303596231480848e-01 -7.628250422481361870e-01 -7.821671619328901537e-01 -8.013528503059124120e-01 -8.203782702815415329e-01 -8.392396168273611456e-01 -8.579331177251986462e-01 -8.764550343255529397e-01 -8.948016622953189891e-01 -9.129693323586420828e-01 -9.309544110307624853e-01 -9.487533013447062569e-01 -9.663624435706634763e-01 -9.837783159279297474e-01 -1.000997435289248561e+00 -1.018016357877431277e+00 -1.034831679954098194e+00 -1.051440038500422558e+00 -1.067838111889720221e+00 -1.084022620551770899e+00 -1.099990327628719511e+00 -1.115738039622439004e+00 -1.131262607033224787e+00 -1.146560924989681540e+00 -1.161629933869693598e+00 -1.176466619912337475e+00 -1.191068015820627490e+00 -1.205431201354967286e+00 -1.219553303917189080e+00 -1.233431499125066777e+00 -1.247063011377181896e+00 -1.260445114408041078e+00 -1.273575131833317053e+00 -1.286450437685120241e+00 -1.299068456937185756e+00 -1.311426666019871012e+00 -1.323522593324862440e+00 -1.335353819699493183e+00 -1.346917978930560533e+00 -1.358212758217571148e+00 -1.369235898635285498e+00 -1.379985195585506252e+00 -1.390458499237983370e+00 -1.400653714960380158e+00 -1.410568803737190846e+00 -1.420201782577539484e+00 -1.429550724911773152e+00 -1.438613760976770406e+00 -1.447389078189887046e+00 -1.455874921511469910e+00 -1.464069593795860991e+00 -1.471971456130817035e+00 -1.479578928165292906e+00 -1.486890488425505863e+00 -1.493904674619223938e+00 -1.500620083928224879e+00 -1.507035373288850177e+00 -1.513149259660619306e+00 -1.518960520282832016e+00 -1.524467992919117831e+00 -1.529670576089878553e+00 -1.534567229292584045e+00 -1.539156973209867996e+00 -1.543438889905387912e+00 -1.547412123007412710e+00 -1.551075877880092380e+00 -1.554429421782383969e+00 -1.557472084014596581e+00 -1.560203256052531184e+00 -1.562622391669184596e+00 -1.564729007043988318e+00 -1.566522680859579797e+00 -1.568003054386054362e+00 -1.569169831552720495e+00 -1.570022779007307356e+00 -1.570561726162633231e+00 -1.570786565230727128e+00 -1.570697251244382864e+00 -1.570293802066154765e+00 -1.569576298384783408e+00 -1.568544883699057424e+00 -1.567199764289117114e+00 -1.565541209175194570e+00 -1.563569550063815372e+00 -1.561285181281454992e+00 -1.558688559695674547e+00 -1.555780204623751217e+00 -1.552560697728811112e+00 -1.549030682903503875e+00 -1.545190866141222807e+00 -1.541042015394908704e+00 -1.536584960423460489e+00 -1.531820592625788180e+00 -1.526749864862532169e+00 -1.521373791265496545e+00 -1.515693447034824226e+00 -1.509709968223959420e+00 -1.503424551512440477e+00 -1.496838453966567339e+00 -1.489952992787993313e+00 -1.482769545050283355e+00 -1.475289547423510594e+00 -1.467514495886917514e+00 -1.459445945429731717e+00 -1.451085509740168256e+00 -1.442434860882696901e+00 -1.433495728963635196e+00 -1.424269901785130576e+00 -1.414759224487603939e+00 -1.404965599180729274e+00 -1.394890984563014635e+00 -1.384537395530068604e+00 -1.373906902771625971e+00 -1.363001632357417670e+00 -1.351823765311958470e+00 -1.340375537178351895e+00 -1.328659237571185203e+00 -1.316677209718614572e+00 -1.304431849993723747e+00 -1.291925607435258749e+00 -1.279160983257822792e+00 -1.266140530351643534e+00 -1.252866852772001272e+00 -1.239342605218424209e+00 -1.225570492503755604e+00 -1.211553269013198264e+00 -1.197293738153448306e+00 -1.182794751792015209e+00 -1.168059209686861832e+00 -1.153090058906458992e+00 -1.137890293240378270e+00 -1.122462952600541852e+00 -1.106811122413252413e+00 -1.090937933002111171e+00 -1.074846558961965126e+00 -1.058540218523995824e+00 -1.042022172912081102e+00 -1.025295725690559268e+00 -1.008364222103526275e+00 -9.912310484057950122e-01 -9.738996311856540355e-01 -9.563734366795578756e-01 -9.386559700788918992e-01 -9.207507748289402993e-01 -9.026614319202086456e-01 -8.843915591722358860e-01 -8.659448105100383541e-01 -8.473248752333354394e-01 -8.285354772787020261e-01 -8.095803744747860353e-01 -7.904633577907589359e-01 -7.711882505781268993e-01 -7.517589078060753494e-01 -7.321792152904821327e-01 -7.124530889167660641e-01 -6.925844738567215053e-01 -6.725773437794930754e-01 -6.524357000568535847e-01 -6.321635709629407351e-01 -6.117650108686115695e-01 -5.912440994305819819e-01 -5.706049407755033887e-01 -5.498516626791508655e-01 -5.289884157408786258e-01 -5.080193725535104843e-01 -4.869487268688335591e-01 -4.657806927588591384e-01 -4.445195037730195753e-01 -4.231694120914692436e-01 -4.017346876746615836e-01 -3.802196174093669945e-01 -3.586285042513079890e-01 -3.369656663645795303e-01 -3.152354362580276348e-01 -2.934421599187600482e-01 -2.715901959429596890e-01 -2.496839146641781082e-01 -2.277276972792798004e-01 -2.057259349722152797e-01 -1.836830280357962530e-01 -1.616033849916484744e-01 -1.394914217085199415e-01 -1.173515605191186029e-01 -9.518822933565812550e-02 -7.300586076428745852e-02 -5.080889121858144647e-02 -2.860176003227029098e-02 -6.388908571384766324e-03 1.582522065400493103e-02 3.803618487827911676e-02 6.023954196880974832e-02 8.243085131437490054e-02 1.046056747132688841e-01 1.267595772609307614e-01 1.488881282369129422e-01 1.709869019910136012e-01 1.930514788283942407e-01 2.150774458935073019e-01 2.370603980526548582e-01 2.589959387750034869e-01 2.808796810118784903e-01 3.027072480741621607e-01 3.244742745076188983e-01 3.461764069659750698e-01 3.678093050815759435e-01 3.893686423334476454e-01 4.108501069125898297e-01 4.322494025843249821e-01 4.535622495475348792e-01 4.747843852906083462e-01 4.959115654439323895e-01 5.169395646287540114e-01 5.378641773022457828e-01 5.586812185986017587e-01 5.793865251659996440e-01 5.999759559992606794e-01 6.204453932680377148e-01 6.407907431403717657e-01 6.610079366014471880e-01 6.810929302673823793e-01 7.010417071938960243e-01 7.208502776796860134e-01 7.405146800643586102e-01 7.600309815207486608e-01 7.793952788414750810e-01 7.986036992195723050e-01 8.176524010230407091e-01 8.365375745631625781e-01 8.552554428564281830e-01 8.738022623799256428e-01 8.921743238200314785e-01 9.103679528142666344e-01 9.283795106861562063e-01 9.462053951729566537e-01 9.638420411460982828e-01 9.812859213241998946e-01 9.985335469785182605e-01 1.015581468630682105e+00 1.032426276742578919e+00 1.049064602398253943e+00 1.065493117977683424e+00 1.081708537822290817e+00 1.097707618892068027e+00 1.113487161414174809e+00 1.129044009522886638e+00 1.144375051890758055e+00 1.159477222350877801e+00 1.174347500510096953e+00 1.188982912353097721e+00 1.203380530837189433e+00 1.217537476477707159e+00 1.231450917923903488e+00 1.245118072525208230e+00 1.258536206887753917e+00 1.271702637421044724e+00 1.284614730874670041e+00 1.297269904864942314e+00 1.309665628391373904e+00 1.321799422342863517e+00 1.333668859993515809e+00 1.345271567487978936e+00 1.356605224316210112e+00 1.367667563777567707e+00 1.378456373434151061e+00 1.388969495553275868e+00 1.399204827539020757e+00 1.409160322352736472e+00 1.418833988922447720e+00 1.428223892541068185e+00 1.437328155253329021e+00 1.446144956231368184e+00 1.454672532138893359e+00 1.462909177483840084e+00 1.470853244959469341e+00 1.478503145773821137e+00 1.485857349967471874e+00 1.492914386719519149e+00 1.499672844641744218e+00 1.506131372060882434e+00 1.512288677288960548e+00 1.518143528881623183e+00 1.523694755884424046e+00 1.528941248067011482e+00 1.533881956145170644e+00 1.538515891990680506e+00 1.542842128828931569e+00 1.546859801424285807e+00 1.550568106253114253e+00 1.553966301664502891e+00 1.557053708028581118e+00 1.559829707872445237e+00 1.562293746003650563e+00 1.564445329621249714e+00 1.566284028414351104e+00 1.567809474648179213e+00 1.569021363237621092e+00 1.569919451808243771e+00 1.570503560744766824e+00 1.570773573226982522e+00 1.570729435253127138e+00 1.570371155650672756e+00 1.569698806074568020e+00 1.568712520992903814e+00 1.567412497660020332e+00 1.565798996077058414e+00 1.563872338939958251e+00 1.561632911574922566e+00 1.559081161861351816e+00 1.556217600142268065e+00 1.553042799122251516e+00 1.549557393752895473e+00 1.545762081105823915e+00 1.541657620233275239e+00 1.537244832016295026e+00 1.532524599000560261e+00 1.527497865219876072e+00 1.522165636007368761e+00 1.516528977794423749e+00 1.510589017897399078e+00 1.504346944292169752e+00 1.497804005376531578e+00 1.490961509720527767e+00 1.483820825804736954e+00 1.476383381746580792e+00 1.468650665014706869e+00 1.460624222131495120e+00 1.452305658363759688e+00 1.443696637401700400e+00 1.434798881026167150e+00 1.425614168764311795e+00 1.416144337533683961e+00 1.406391281274854022e+00 1.396356950572630762e+00 1.386043352265948547e+00 1.375452549046506379e+00 1.364586659046232997e+00 1.353447855413669076e+00 1.342038365879340667e+00 1.330360472310220254e+00 1.318416510253360707e+00 1.306208868468789586e+00 1.293739988451766854e+00 1.281012363944489474e+00 1.268028540437351026e+00 1.254791114659851381e+00 1.241302734061256352e+00 1.227566096281115016e+00 1.213583948609740615e+00 1.199359087438758964e+00 1.184894357701838041e+00 1.170192652305707348e+00 1.155256911551586718e+00 1.140090122547134044e+00 1.124695318609028938e+00 1.109075578656320893e+00 1.093234026594652075e+00 1.077173830691485534e+00 1.060898202942459845e+00 1.044410398428997189e+00 1.027713714667299438e+00 1.010811490948850810e+00 9.937071076725697560e-01 9.764039856687378727e-01 9.589055855148456153e-01 9.412154068434800402e-01 9.233369876424158962e-01 9.052739035470208639e-01 8.870297671251415883e-01 8.686082271545989553e-01 8.500129678934450483e-01 8.312477083431147884e-01 8.123162015046431206e-01 7.932222336280717601e-01 7.739696234552086995e-01 7.545622214558901364e-01 7.350039090579001400e-01 7.152985978706919434e-01 6.954502289030793927e-01 6.754627717750439908e-01 6.553402239238210747e-01 6.350866098044253283e-01 6.147059800847701760e-01 5.942024108355444811e-01 5.735800027150090852e-01 5.528428801488783906e-01 5.319951905054429719e-01 5.110411032661111852e-01 4.899848091915200432e-01 4.688305194833979894e-01 4.475824649423347235e-01 4.262448951216314952e-01 4.048220774774030639e-01 3.833182965150969679e-01 3.617378529326061298e-01 3.400850627601398335e-01 3.183642564970280975e-01 2.965797782456353060e-01 2.747359848425514617e-01 2.528372449872345884e-01 2.308879383682857778e-01 2.088924547875208870e-01 1.868551932820234074e-01 1.647805612443480339e-01 1.426729735410550703e-01 1.205368516297482678e-01 9.837662267479611866e-02 7.619671866191003728e-02 5.400157551175994303e-02 3.179563219280188979e-02 9.583329833496360278e-03 -1.263088916590523851e-02 -3.484258202182869552e-02 -5.704730645592157728e-02 -7.924062158349695628e-02 -1.014180888016982529e-01 -1.235752726772079840e-01 -1.457077418333215524e-01 -1.678110698362118014e-01 -1.898808360802033413e-01 -2.119126266718809048e-01 -2.339020353128567764e-01 -2.558446641810186994e-01 -2.777361248100829183e-01 -2.995720389672733575e-01 -3.213480395289580738e-01 -3.430597713540630700e-01 -3.647028921550848346e-01 -3.862730733665410976e-01 -4.077660010106691768e-01 -4.291773765602088231e-01 -4.505029177980995891e-01 -4.717383596739099239e-01 -4.928794551568357329e-01 -5.139219760850963770e-01 -5.348617140115549118e-01 -5.556944810453950945e-01 -5.764161106896908970e-01 -5.970224586746917250e-01 -6.175094037866661889e-01 -6.378728486921352303e-01 -6.581087207573235176e-01 -6.782129728626805631e-01 -6.981815842122895965e-01 -7.180105611380174224e-01 -7.376959378982362869e-01 -7.572337774709644309e-01 -7.766201723412560209e-01 -7.958512452826949080e-01 -8.149231501328297878e-01 -8.338320725623963314e-01 -8.525742308381727419e-01 -8.711458765793153036e-01 -8.895432955070251557e-01 -9.077628081873938548e-01 -9.258007707672791797e-01 -9.436535757030680704e-01 -9.613176524821733793e-01 -9.787894683371284321e-01 -9.960655289521296307e-01 -1.013142379161890538e+00 -1.030016603642666118e+00 -1.046684827595306011e+00 -1.063143717420209855e+00 -1.079389981384033081e+00 -1.095420370278027633e+00 -1.111231678067875261e+00 -1.126820742534882180e+00 -1.142184445908418500e+00 -1.157319715489460554e+00 -1.172223524265125771e+00 -1.186892891514062853e+00 -1.201324883402592469e+00 -1.215516613571462567e+00 -1.229465243713113276e+00 -1.243167984139331717e+00 -1.256622094339181928e+00 -1.269824883527097548e+00 -1.282773711181035337e+00 -1.295465987570568522e+00 -1.307899174274828491e+00 -1.320070784690180687e+00 -1.331978384527540138e+00 -1.343619592299221344e+00 -1.354992079795228177e+00 -1.366093572548894075e+00 -1.376921850291763505e+00 -1.387474747397643648e+00 -1.397750153315722166e+00 -1.407746012992671769e+00 -1.417460327283656341e+00 -1.426891153352152664e+00 -1.436036605058514048e+00 -1.444894853337192586e+00 -1.453464126562545422e+00 -1.461742710903160436e+00 -1.469728950664611622e+00 -1.477421248620596872e+00 -1.484818066332377784e+00 -1.491917924456465316e+00 -1.498719403040481790e+00 -1.505221141807147278e+00 -1.511421840426335095e+00 -1.517320258775130659e+00 -1.522915217185854653e+00 -1.528205596681990519e+00 -1.533190339201981223e+00 -1.537868447810835759e+00 -1.542238986899514552e+00 -1.546301082372044888e+00 -1.550053921820346625e+00 -1.553496754686700898e+00 -1.556628892413868925e+00 -1.559449708582792749e+00 -1.561958639037885899e+00 -1.564155181999858257e+00 -1.566038898166070004e+00 -1.567609410798394665e+00 -1.568866405798560404e+00 -1.569809631770974212e+00 -1.570438900072998134e+00 -1.570754084852674648e+00 -1.570755123073902748e+00 -1.570442014529037422e+00 -1.569814821838938723e+00 -1.568873670440441570e+00 -1.567618748561273589e+00 -1.566050307182405232e+00 -1.564168659987859700e+00 -1.561974183301973129e+00 -1.559467316014131244e+00 -1.556648559490993566e+00 -1.553518477476220294e+00 -1.550077695977727821e+00 -1.546326903142485554e+00 -1.542266849118890448e+00 -1.537898345906738129e+00 -1.533222267194825461e+00 -1.528239548186216545e+00 -1.522951185411202557e+00 -1.517358236527998283e+00 -1.511461820111217547e+00 -1.505263115428154608e+00 -1.498763362202940819e+00 -1.491963860368596517e+00 -1.484865969807054542e+00 -1.477471110077180239e+00 -1.469780760130870334e+00 -1.461796458017263989e+00 -1.453519800575135079e+00 -1.444952443113531215e+00 -1.436096099080717003e+00 -1.426952539721486390e+00 -1.417523593722920250e+00 -1.407811146848654271e+00 -1.397817141561729093e+00 -1.387543576636107279e+00 -1.376992506756918866e+00 -1.366166042109532297e+00 -1.355066347957524009e+00 -1.343695644209629947e+00 -1.332056204975772484e+00 -1.320150358112239575e+00 -1.307980484756125605e+00 -1.295549018849104117e+00 -1.282858446650653406e+00 -1.269911306240806503e+00 -1.256710187012541668e+00 -1.243257729153913083e+00 -1.229556623120021008e+00 -1.215609609094925769e+00 -1.201419476443617684e+00 -1.186989063154154422e+00 -1.172321255270070806e+00 -1.157418986313175635e+00 -1.142285236696857664e+00 -1.126923033130008855e+00 -1.111335448011692817e+00 -1.095525598816672330e+00 -1.079496647471921866e+00 -1.063251799724253654e+00 -1.046794304499173434e+00 -1.030127453251107328e+00 -1.013254579305117975e+00 -9.961790571902483515e-01 -9.789043019646267441e-01 -9.614337685324636507e-01 -9.437709509530788354e-01 -9.259193817421013106e-01 -9.078826311649746961e-01 -8.896643065229131730e-01 -8.712680514314518065e-01 -8.526975450917338994e-01 -8.339565015546788196e-01 -8.150486689781843985e-01 -7.959778288775033461e-01 -7.767477953689508885e-01 -7.573624144070936204e-01 -7.378255630155658995e-01 -7.181411485116790949e-01 -6.983131077249660201e-01 -6.783454062098266402e-01 -6.582420374524282636e-01 -6.380070220720193142e-01 -6.176444070168150002e-01 -5.971582647546205269e-01 -5.765526924583465052e-01 -5.558318111865870881e-01 -5.349997650594198184e-01 -5.140607204295906119e-01 -4.930188650492565161e-01 -4.718784072324458956e-01 -4.506435750134069607e-01 -4.293186153010128958e-01 -4.079077930293907306e-01 -3.864153903049470928e-01 -3.648457055499573776e-01 -3.432030526428942463e-01 -3.214917600556626565e-01 -2.997161699879174468e-01 -2.778806374986355077e-01 -2.559895296351152871e-01 -2.340472245595796308e-01 -2.120581106735550392e-01 -1.900265857402030911e-01 -1.679570560047797256e-01 -1.458539353133986027e-01 -1.237216442302733616e-01 -1.015646091536169943e-01 -7.938726143037398708e-02 -5.719403646996325946e-02 -3.498937285720810780e-02 -1.277771146463127158e-02 9.436505435707493936e-03 3.164883506065378077e-02 5.385483500450308214e-02 7.605006412747002120e-02 9.823008344390403435e-02 1.203904570100748084e-01 1.425267528113485505e-01 1.646345436485793234e-01 1.867094080235368048e-01 2.087469310231932773e-01 2.307427052026955194e-01 2.526923314668408915e-01 2.745914199498846187e-01 2.964355908935008554e-01 3.182204755227230897e-01 3.399417169196871646e-01 3.615949708950022545e-01 3.831759068565777082e-01 4.046802086757296246e-01 4.261035755503949085e-01 4.474417228652795009e-01 4.686903830487706424e-01 4.898453064264391976e-01 5.109022620709626761e-01 5.318570386483001400e-01 5.527054452599464707e-01 5.734433122811015693e-01 5.940664921945840726e-01 6.145708604203223846e-01 6.349523161402609306e-01 6.552067831185122149e-01 6.753302105165918112e-01 6.953185737035771918e-01 7.151678750610216406e-01 7.348741447824661543e-01 7.544334416673925681e-01 7.738418539094510384e-01 7.930954998788106725e-01 8.121905288984763160e-01 8.311231220144124077e-01 8.498894927593234616e-01 8.684858879099378592e-01 8.869085882376417374e-01 9.051539092523153140e-01 9.232182019392201067e-01 9.410978534887923797e-01 9.587892880191952738e-01 9.762889672914860650e-01 9.935933914172528914e-01 1.010699099558583614e+00 1.027602670620225478e+00 1.044300723933793140e+00 1.060789919933893710e+00 1.077066960826028597e+00 1.093128591246149695e+00 1.108971598911715706e+00 1.124592815264145562e+00 1.139989116102518629e+00 1.155157422208407558e+00 1.170094699961713669e+00 1.184797961947380962e+00 1.199264267552874408e+00 1.213490723556291728e+00 1.227474484705000091e+00 1.241212754284681585e+00 1.254702784678664917e+00 1.267941877917442506e+00 1.280927386218259301e+00 1.293656712514658524e+00 1.306127310975890854e+00 1.318336687516071359e+00 1.330282400292992939e+00 1.341962060196485007e+00 1.353373331326230167e+00 1.364513931458939400e+00 1.375381632504787843e+00 1.385974260953028780e+00 1.396289698306689475e+00 1.406325881506263809e+00 1.416080803342320449e+00 1.425552512856936627e+00 1.434739115733887349e+00 1.443638774677503900e+00 1.452249709780122133e+00 1.460570198878065717e+00 1.468598577896071733e+00 1.476333241180100453e+00 1.483772641818464910e+00 1.490915291951203869e+00 1.497759763067654903e+00 1.504304686292148086e+00 1.510548752657782323e+00 1.516490713368211507e+00 1.522129380047400504e+00 1.527463624977299927e+00 1.532492381323384167e+00 1.537214643348014942e+00 1.541629466611590171e+00 1.545735968161423335e+00 1.549533326708337100e+00 1.553020782790914378e+00 1.556197638927394378e+00 1.559063259755159470e+00 1.561617072157811981e+00 1.563858565379793175e+00 1.565787291128533543e+00 1.567402863664112411e+00 1.568704959876400462e+00 1.569693319349683591e+00 1.570367744414745026e+00 1.570728100188398813e+00 1.570774314600466237e+00 1.570506378408187631e+00 1.569924345198073778e+00 1.569028331375188046e+00 1.567818516139862339e+00 1.566295141451864215e+00 1.564458511981998923e+00 1.562308995051178817e+00 1.559847020556960562e+00 1.557073080887568350e+00 1.553987730823412683e+00 1.550591587426141782e+00 1.546885329915223872e+00 1.542869699532112726e+00 1.538545499391996252e+00 1.533913594323177643e+00 1.528974910694110623e+00 1.523730436228131646e+00 1.518181219805911919e+00 1.512328371255692083e+00 1.506173061131310220e+00 1.499716520478104220e+00 1.492960040586697179e+00 1.485904972734748641e+00 1.478552727916700560e+00 1.470904776561581029e+00 1.462962648238927299e+00 1.454727931352867598e+00 1.446202272824453017e+00 1.437387377762275209e+00 1.428285009121445404e+00 1.418896987351012884e+00 1.409225190029878227e+00 1.399271551491281906e+00 1.389038062435946186e+00 1.378526769533936047e+00 1.367739775015332615e+00 1.356679236249792586e+00 1.345347365315082255e+00 1.333746428554664298e+00 1.321878746124438786e+00 1.309746691528714146e+00 1.297352691145517989e+00 1.284699223741322616e+00 1.271788819975303797e+00 1.258624061893210078e+00 1.245207582410967184e+00 1.231542064788094359e+00 1.217630242091067183e+00 1.203474896646707037e+00 1.189078859485724227e+00 1.174445009776520443e+00 1.159576274249361605e+00 1.144475626611041630e+00 1.129146086950146843e+00 1.113590721133047357e+00 1.097812640190733546e+00 1.081814999696616209e+00 1.065600999135421389e+00 1.049173881263301800e+00 1.032536931459294038e+00 1.015693477068254857e+00 9.986468867353945900e-01 9.814005697325647315e-01 9.639579752764070308e-01 9.463225918385226310e-01 9.284979464477866040e-01 9.104876039849509883e-01 8.922951664696791019e-01 8.739242723401507984e-01 8.553785957253858818e-01 8.366618457104257889e-01 8.177777655945295265e-01 7.987301321425227529e-01 7.795227548294527686e-01 7.601594750787097343e-01 7.406441654937457875e-01 7.209807290835680282e-01 7.011730984821485935e-01 6.812252351619051405e-01 6.611411286414209387e-01 6.409247956875473440e-01 6.205802795120664017e-01 6.001116489630556883e-01 5.795229977111308051e-01 5.588184434307228443e-01 5.380021269765551395e-01 5.170782115554819480e-01 4.960508818938601516e-01 4.749243434006125697e-01 4.537028213261615761e-01 4.323905599173866743e-01 4.109918215687891618e-01 3.895108859700226467e-01 3.679520492499703810e-01 3.463196231175265649e-01 3.246179339992683599e-01 3.028513221741834793e-01 2.810241409056242756e-01 2.591407555706680688e-01 2.372055427870525535e-01 2.152228895378654472e-01 1.931971922941582709e-01 1.711328561356648403e-01 1.490342938697973296e-01 1.269059251490968210e-01 1.047521755873144639e-01 8.257747587430079583e-02 6.038626088987980589e-02 3.818296881688475197e-02 1.597204025353436349e-02 -6.242082674675459089e-03 -2.845495720338455173e-02 -5.066214081790906126e-02 -7.285919214173269820e-02 -9.504167182476971898e-02 -1.172051434312230550e-01 -1.393451743268594167e-01 -1.614573365655240789e-01 -1.835372077747180475e-01 -2.055803720400609935e-01 -2.275824207884614148e-01 -2.495389536698196520e-01 -2.714455794370862485e-01 -2.932979168244992940e-01 -3.150915954238258654e-01 -3.368222565584308437e-01 -3.584855541550017732e-01 -3.800771556127515716e-01 -4.015927426699256175e-01 -4.230280122674430765e-01 -4.443786774094984904e-01 -4.656404680209478286e-01 -4.868091318013111901e-01 -5.078804350752231800e-01 -5.288501636391560456e-01 -5.497141236042472068e-01 -5.704681422350685871e-01 -5.911080687841603343e-01 -6.116297753221696665e-01 -6.320291575634252590e-01 -6.523021356867834131e-01 -6.724446551515825821e-01 -6.924526875085370570e-01 -7.123222312054199312e-01 -7.320493123873590413e-01 -7.516299856916005551e-01 -7.710603350365692332e-01 -7.903364744050728197e-01 -8.094545486214963503e-01 -8.284107341228289512e-01 -8.472012397233608105e-01 -8.658223073729155450e-01 -8.842702129084457630e-01 -9.025412667988591542e-01 -9.206318148829103487e-01 -9.385382391000288704e-01 -9.562569582139166524e-01 -9.737844285287882151e-01 -9.911171445980974104e-01 -1.008251639925622056e+00 -1.025184487658749699e+00 -1.041912301273838271e+00 -1.058431735253516415e+00 -1.074739485755773272e+00 -1.090832291274719479e+00 -1.106706933292879613e+00 -1.122360236924887955e+00 -1.137789071552454789e+00 -1.152990351450482231e+00 -1.167961036404203234e+00 -1.182698132317213213e+00 -1.197198691810282378e+00 -1.211459814810824653e+00 -1.225478649132901054e+00 -1.239252391047653834e+00 -1.252778285844040829e+00 -1.266053628379772533e+00 -1.279075763622330886e+00 -1.291842087179971177e+00 -1.304350045822591619e+00 -1.316597137992374433e+00 -1.328580914304086091e+00 -1.340298978034953015e+00 -1.351748985603997255e+00 -1.362928647040746233e+00 -1.373835726443219940e+00 -1.384468042425107459e+00 -1.394823468552036649e+00 -1.404899933766856401e+00 -1.414695422803839975e+00 -1.424207976591736369e+00 -1.433435692645575354e+00 -1.442376725447162222e+00 -1.451029286814176311e+00 -1.459391646257800490e+00 -1.467462131328815866e+00 -1.475239127952088669e+00 -1.482721080749374476e+00 -1.489906493350398264e+00 -1.496793928692119469e+00
