# Sat Jul 10 12:18:58 2021
# Spin blind formalism, bias turned off, lead sites decoupled
# Inputs:
# - Num. leads = (2, 2)
# - Num. impurity sites = 1
# - nelecs = (5, 0)
# - V_leads = 1.0
# - V_imp_leads = 1.0
# - V_bias = -0.005
# - mu = 0.0
# - V_gate = 0.0
# - U = 0.0
0.000000000000000000e+00 1.000000000000000021e-02 2.000000000000000042e-02 2.999999999999999889e-02 4.000000000000000083e-02 5.000000000000000278e-02 5.999999999999999778e-02 7.000000000000000666e-02 8.000000000000000167e-02 8.999999999999999667e-02 1.000000000000000056e-01 1.100000000000000006e-01 1.199999999999999956e-01 1.300000000000000044e-01 1.400000000000000133e-01 1.499999999999999944e-01 1.600000000000000033e-01 1.700000000000000122e-01 1.799999999999999933e-01 1.900000000000000022e-01 2.000000000000000111e-01 2.099999999999999922e-01 2.200000000000000011e-01 2.300000000000000100e-01 2.399999999999999911e-01 2.500000000000000000e-01 2.600000000000000089e-01 2.700000000000000178e-01 2.800000000000000266e-01 2.899999999999999800e-01 2.999999999999999889e-01 3.099999999999999978e-01 3.200000000000000067e-01 3.300000000000000155e-01 3.400000000000000244e-01 3.500000000000000333e-01 3.599999999999999867e-01 3.699999999999999956e-01 3.800000000000000044e-01 3.900000000000000133e-01 4.000000000000000222e-01 4.100000000000000311e-01 4.199999999999999845e-01 4.299999999999999933e-01 4.400000000000000022e-01 4.500000000000000111e-01 4.600000000000000200e-01 4.700000000000000289e-01 4.799999999999999822e-01 4.899999999999999911e-01 5.000000000000000000e-01 5.100000000000000089e-01 5.200000000000000178e-01 5.300000000000000266e-01 5.400000000000000355e-01 5.500000000000000444e-01 5.600000000000000533e-01 5.700000000000000622e-01 5.799999999999999600e-01 5.899999999999999689e-01 5.999999999999999778e-01 6.099999999999999867e-01 6.199999999999999956e-01 6.300000000000000044e-01 6.400000000000000133e-01 6.500000000000000222e-01 6.600000000000000311e-01 6.700000000000000400e-01 6.800000000000000488e-01 6.900000000000000577e-01 7.000000000000000666e-01 7.099999999999999645e-01 7.199999999999999734e-01 7.299999999999999822e-01 7.399999999999999911e-01 7.500000000000000000e-01 7.600000000000000089e-01 7.700000000000000178e-01 7.800000000000000266e-01 7.900000000000000355e-01 8.000000000000000444e-01 8.100000000000000533e-01 8.200000000000000622e-01 8.300000000000000711e-01 8.399999999999999689e-01 8.499999999999999778e-01 8.599999999999999867e-01 8.699999999999999956e-01 8.800000000000000044e-01 8.900000000000000133e-01 9.000000000000000222e-01 9.100000000000000311e-01 9.200000000000000400e-01 9.300000000000000488e-01 9.400000000000000577e-01 9.500000000000000666e-01 9.599999999999999645e-01 9.699999999999999734e-01 9.799999999999999822e-01 9.899999999999999911e-01 1.000000000000000000e+00 1.010000000000000009e+00 1.020000000000000018e+00 1.030000000000000027e+00 1.040000000000000036e+00 1.050000000000000044e+00 1.060000000000000053e+00 1.070000000000000062e+00 1.080000000000000071e+00 1.090000000000000080e+00 1.100000000000000089e+00 1.110000000000000098e+00 1.120000000000000107e+00 1.130000000000000115e+00 1.140000000000000124e+00 1.150000000000000133e+00 1.159999999999999920e+00 1.169999999999999929e+00 1.179999999999999938e+00 1.189999999999999947e+00 1.199999999999999956e+00 1.209999999999999964e+00 1.219999999999999973e+00 1.229999999999999982e+00 1.239999999999999991e+00 1.250000000000000000e+00 1.260000000000000009e+00 1.270000000000000018e+00 1.280000000000000027e+00 1.290000000000000036e+00 1.300000000000000044e+00 1.310000000000000053e+00 1.320000000000000062e+00 1.330000000000000071e+00 1.340000000000000080e+00 1.350000000000000089e+00 1.360000000000000098e+00 1.370000000000000107e+00 1.380000000000000115e+00 1.390000000000000124e+00 1.400000000000000133e+00 1.409999999999999920e+00 1.419999999999999929e+00 1.429999999999999938e+00 1.439999999999999947e+00 1.449999999999999956e+00 1.459999999999999964e+00 1.469999999999999973e+00 1.479999999999999982e+00 1.489999999999999991e+00 1.500000000000000000e+00 1.510000000000000009e+00 1.520000000000000018e+00 1.530000000000000027e+00 1.540000000000000036e+00 1.550000000000000044e+00 1.560000000000000053e+00 1.570000000000000062e+00 1.580000000000000071e+00 1.590000000000000080e+00 1.600000000000000089e+00 1.610000000000000098e+00 1.620000000000000107e+00 1.630000000000000115e+00 1.640000000000000124e+00 1.650000000000000133e+00 1.660000000000000142e+00 1.669999999999999929e+00 1.679999999999999938e+00 1.689999999999999947e+00 1.699999999999999956e+00 1.709999999999999964e+00 1.719999999999999973e+00 1.729999999999999982e+00 1.739999999999999991e+00 1.750000000000000000e+00 1.760000000000000009e+00 1.770000000000000018e+00 1.780000000000000027e+00 1.790000000000000036e+00 1.800000000000000044e+00 1.810000000000000053e+00 1.820000000000000062e+00 1.830000000000000071e+00 1.840000000000000080e+00 1.850000000000000089e+00 1.860000000000000098e+00 1.870000000000000107e+00 1.880000000000000115e+00 1.890000000000000124e+00 1.900000000000000133e+00 1.910000000000000142e+00 1.919999999999999929e+00 1.929999999999999938e+00 1.939999999999999947e+00 1.949999999999999956e+00 1.959999999999999964e+00 1.969999999999999973e+00 1.979999999999999982e+00 1.989999999999999991e+00 2.000000000000000000e+00 2.010000000000000231e+00 2.020000000000000018e+00 2.030000000000000249e+00 2.040000000000000036e+00 2.049999999999999822e+00 2.060000000000000053e+00 2.069999999999999840e+00 2.080000000000000071e+00 2.089999999999999858e+00 2.100000000000000089e+00 2.109999999999999876e+00 2.120000000000000107e+00 2.129999999999999893e+00 2.140000000000000124e+00 2.149999999999999911e+00 2.160000000000000142e+00 2.169999999999999929e+00 2.180000000000000160e+00 2.189999999999999947e+00 2.200000000000000178e+00 2.209999999999999964e+00 2.220000000000000195e+00 2.229999999999999982e+00 2.240000000000000213e+00 2.250000000000000000e+00 2.260000000000000231e+00 2.270000000000000018e+00 2.280000000000000249e+00 2.290000000000000036e+00 2.300000000000000266e+00 2.310000000000000053e+00 2.319999999999999840e+00 2.330000000000000071e+00 2.339999999999999858e+00 2.350000000000000089e+00 2.359999999999999876e+00 2.370000000000000107e+00 2.379999999999999893e+00 2.390000000000000124e+00 2.399999999999999911e+00 2.410000000000000142e+00 2.419999999999999929e+00 2.430000000000000160e+00 2.439999999999999947e+00 2.450000000000000178e+00 2.459999999999999964e+00 2.470000000000000195e+00 2.479999999999999982e+00 2.490000000000000213e+00 2.500000000000000000e+00 2.510000000000000231e+00 2.520000000000000018e+00 2.530000000000000249e+00 2.540000000000000036e+00 2.550000000000000266e+00 2.560000000000000053e+00 2.569999999999999840e+00 2.580000000000000071e+00 2.589999999999999858e+00 2.600000000000000089e+00 2.609999999999999876e+00 2.620000000000000107e+00 2.629999999999999893e+00 2.640000000000000124e+00 2.649999999999999911e+00 2.660000000000000142e+00 2.669999999999999929e+00 2.680000000000000160e+00 2.689999999999999947e+00 2.700000000000000178e+00 2.709999999999999964e+00 2.720000000000000195e+00 2.729999999999999982e+00 2.740000000000000213e+00 2.750000000000000000e+00 2.760000000000000231e+00 2.770000000000000018e+00 2.780000000000000249e+00 2.790000000000000036e+00 2.800000000000000266e+00 2.810000000000000053e+00 2.819999999999999840e+00 2.830000000000000071e+00 2.839999999999999858e+00 2.850000000000000089e+00 2.859999999999999876e+00 2.870000000000000107e+00 2.879999999999999893e+00 2.890000000000000124e+00 2.899999999999999911e+00 2.910000000000000142e+00 2.919999999999999929e+00 2.930000000000000160e+00 2.939999999999999947e+00 2.950000000000000178e+00 2.959999999999999964e+00 2.970000000000000195e+00 2.979999999999999982e+00 2.990000000000000213e+00 3.000000000000000000e+00 3.010000000000000231e+00 3.020000000000000018e+00 3.030000000000000249e+00 3.040000000000000036e+00 3.050000000000000266e+00 3.060000000000000053e+00 3.070000000000000284e+00 3.080000000000000071e+00 3.089999999999999858e+00 3.100000000000000089e+00 3.109999999999999876e+00 3.120000000000000107e+00 3.129999999999999893e+00 3.140000000000000124e+00 3.149999999999999911e+00 3.160000000000000142e+00 3.169999999999999929e+00 3.180000000000000160e+00 3.189999999999999947e+00 3.200000000000000178e+00 3.209999999999999964e+00 3.220000000000000195e+00 3.229999999999999982e+00 3.240000000000000213e+00 3.250000000000000000e+00 3.260000000000000231e+00 3.270000000000000018e+00 3.280000000000000249e+00 3.290000000000000036e+00 3.300000000000000266e+00 3.310000000000000053e+00 3.320000000000000284e+00 3.330000000000000071e+00 3.339999999999999858e+00 3.350000000000000089e+00 3.359999999999999876e+00 3.370000000000000107e+00 3.379999999999999893e+00 3.390000000000000124e+00 3.399999999999999911e+00 3.410000000000000142e+00 3.419999999999999929e+00 3.430000000000000160e+00 3.439999999999999947e+00 3.450000000000000178e+00 3.459999999999999964e+00 3.470000000000000195e+00 3.479999999999999982e+00 3.490000000000000213e+00 3.500000000000000000e+00 3.510000000000000231e+00 3.520000000000000018e+00 3.530000000000000249e+00 3.540000000000000036e+00 3.550000000000000266e+00 3.560000000000000053e+00 3.570000000000000284e+00 3.580000000000000071e+00 3.589999999999999858e+00 3.600000000000000089e+00 3.609999999999999876e+00 3.620000000000000107e+00 3.629999999999999893e+00 3.640000000000000124e+00 3.649999999999999911e+00 3.660000000000000142e+00 3.669999999999999929e+00 3.680000000000000160e+00 3.689999999999999947e+00 3.700000000000000178e+00 3.709999999999999964e+00 3.720000000000000195e+00 3.729999999999999982e+00 3.740000000000000213e+00 3.750000000000000000e+00 3.760000000000000231e+00 3.770000000000000018e+00 3.780000000000000249e+00 3.790000000000000036e+00 3.800000000000000266e+00 3.810000000000000053e+00 3.820000000000000284e+00 3.830000000000000071e+00 3.839999999999999858e+00 3.850000000000000089e+00 3.859999999999999876e+00 3.870000000000000107e+00 3.879999999999999893e+00 3.890000000000000124e+00 3.899999999999999911e+00 3.910000000000000142e+00 3.919999999999999929e+00 3.930000000000000160e+00 3.939999999999999947e+00 3.950000000000000178e+00 3.959999999999999964e+00 3.970000000000000195e+00 3.979999999999999982e+00 3.990000000000000213e+00 4.000000000000000000e+00 4.009999999999999787e+00 4.020000000000000462e+00 4.030000000000000249e+00 4.040000000000000036e+00 4.049999999999999822e+00 4.060000000000000497e+00 4.070000000000000284e+00 4.080000000000000071e+00 4.089999999999999858e+00 4.099999999999999645e+00 4.110000000000000320e+00 4.120000000000000107e+00 4.129999999999999893e+00 4.139999999999999680e+00 4.150000000000000355e+00 4.160000000000000142e+00 4.169999999999999929e+00 4.179999999999999716e+00 4.190000000000000391e+00 4.200000000000000178e+00 4.209999999999999964e+00 4.219999999999999751e+00 4.230000000000000426e+00 4.240000000000000213e+00 4.250000000000000000e+00 4.259999999999999787e+00 4.270000000000000462e+00 4.280000000000000249e+00 4.290000000000000036e+00 4.299999999999999822e+00 4.310000000000000497e+00 4.320000000000000284e+00 4.330000000000000071e+00 4.339999999999999858e+00 4.350000000000000533e+00 4.360000000000000320e+00 4.370000000000000107e+00 4.379999999999999893e+00 4.389999999999999680e+00 4.400000000000000355e+00 4.410000000000000142e+00 4.419999999999999929e+00 4.429999999999999716e+00 4.440000000000000391e+00 4.450000000000000178e+00 4.459999999999999964e+00 4.469999999999999751e+00 4.480000000000000426e+00 4.490000000000000213e+00 4.500000000000000000e+00 4.509999999999999787e+00 4.520000000000000462e+00 4.530000000000000249e+00 4.540000000000000036e+00 4.549999999999999822e+00 4.560000000000000497e+00 4.570000000000000284e+00 4.580000000000000071e+00 4.589999999999999858e+00 4.600000000000000533e+00 4.610000000000000320e+00 4.620000000000000107e+00 4.629999999999999893e+00 4.639999999999999680e+00 4.650000000000000355e+00 4.660000000000000142e+00 4.669999999999999929e+00 4.679999999999999716e+00 4.690000000000000391e+00 4.700000000000000178e+00 4.709999999999999964e+00 4.719999999999999751e+00 4.730000000000000426e+00 4.740000000000000213e+00 4.750000000000000000e+00 4.759999999999999787e+00 4.770000000000000462e+00 4.780000000000000249e+00 4.790000000000000036e+00 4.799999999999999822e+00 4.810000000000000497e+00 4.820000000000000284e+00 4.830000000000000071e+00 4.839999999999999858e+00 4.850000000000000533e+00 4.860000000000000320e+00 4.870000000000000107e+00 4.879999999999999893e+00 4.889999999999999680e+00 4.900000000000000355e+00 4.910000000000000142e+00 4.919999999999999929e+00 4.929999999999999716e+00 4.940000000000000391e+00 4.950000000000000178e+00 4.959999999999999964e+00 4.969999999999999751e+00 4.980000000000000426e+00 4.990000000000000213e+00 5.000000000000000000e+00 5.009999999999999787e+00 5.020000000000000462e+00 5.030000000000000249e+00 5.040000000000000036e+00 5.049999999999999822e+00 5.060000000000000497e+00 5.070000000000000284e+00 5.080000000000000071e+00 5.089999999999999858e+00 5.100000000000000533e+00 5.110000000000000320e+00 5.120000000000000107e+00 5.129999999999999893e+00 5.139999999999999680e+00 5.150000000000000355e+00 5.160000000000000142e+00 5.169999999999999929e+00 5.179999999999999716e+00 5.190000000000000391e+00 5.200000000000000178e+00 5.209999999999999964e+00 5.219999999999999751e+00 5.230000000000000426e+00 5.240000000000000213e+00 5.250000000000000000e+00 5.259999999999999787e+00 5.270000000000000462e+00 5.280000000000000249e+00 5.290000000000000036e+00 5.299999999999999822e+00 5.310000000000000497e+00 5.320000000000000284e+00 5.330000000000000071e+00 5.339999999999999858e+00 5.350000000000000533e+00 5.360000000000000320e+00 5.370000000000000107e+00 5.379999999999999893e+00 5.389999999999999680e+00 5.400000000000000355e+00 5.410000000000000142e+00 5.419999999999999929e+00 5.429999999999999716e+00 5.440000000000000391e+00 5.450000000000000178e+00 5.459999999999999964e+00 5.469999999999999751e+00 5.480000000000000426e+00 5.490000000000000213e+00 5.500000000000000000e+00 5.509999999999999787e+00 5.520000000000000462e+00 5.530000000000000249e+00 5.540000000000000036e+00 5.549999999999999822e+00 5.560000000000000497e+00 5.570000000000000284e+00 5.580000000000000071e+00 5.589999999999999858e+00 5.600000000000000533e+00 5.610000000000000320e+00 5.620000000000000107e+00 5.629999999999999893e+00 5.639999999999999680e+00 5.650000000000000355e+00 5.660000000000000142e+00 5.669999999999999929e+00 5.679999999999999716e+00 5.690000000000000391e+00 5.700000000000000178e+00 5.709999999999999964e+00 5.719999999999999751e+00 5.730000000000000426e+00 5.740000000000000213e+00 5.750000000000000000e+00 5.759999999999999787e+00 5.770000000000000462e+00 5.780000000000000249e+00 5.790000000000000036e+00 5.799999999999999822e+00 5.810000000000000497e+00 5.820000000000000284e+00 5.830000000000000071e+00 5.839999999999999858e+00 5.850000000000000533e+00 5.860000000000000320e+00 5.870000000000000107e+00 5.879999999999999893e+00 5.889999999999999680e+00 5.900000000000000355e+00 5.910000000000000142e+00 5.919999999999999929e+00 5.929999999999999716e+00 5.940000000000000391e+00 5.950000000000000178e+00 5.959999999999999964e+00 5.969999999999999751e+00 5.980000000000000426e+00 5.990000000000000213e+00 6.000000000000000000e+00 6.009999999999999787e+00 6.020000000000000462e+00 6.030000000000000249e+00 6.040000000000000036e+00 6.049999999999999822e+00 6.060000000000000497e+00 6.070000000000000284e+00 6.080000000000000071e+00 6.089999999999999858e+00 6.100000000000000533e+00 6.110000000000000320e+00 6.120000000000000107e+00 6.129999999999999893e+00 6.140000000000000568e+00 6.150000000000000355e+00 6.160000000000000142e+00 6.169999999999999929e+00 6.179999999999999716e+00 6.190000000000000391e+00 6.200000000000000178e+00 6.209999999999999964e+00 6.219999999999999751e+00 6.230000000000000426e+00 6.240000000000000213e+00 6.250000000000000000e+00 6.259999999999999787e+00 6.270000000000000462e+00 6.280000000000000249e+00 6.290000000000000036e+00 6.299999999999999822e+00 6.310000000000000497e+00 6.320000000000000284e+00 6.330000000000000071e+00 6.339999999999999858e+00 6.350000000000000533e+00 6.360000000000000320e+00 6.370000000000000107e+00 6.379999999999999893e+00 6.390000000000000568e+00 6.400000000000000355e+00 6.410000000000000142e+00 6.419999999999999929e+00 6.429999999999999716e+00 6.440000000000000391e+00 6.450000000000000178e+00 6.459999999999999964e+00 6.469999999999999751e+00 6.480000000000000426e+00 6.490000000000000213e+00 6.500000000000000000e+00 6.509999999999999787e+00 6.520000000000000462e+00 6.530000000000000249e+00 6.540000000000000036e+00 6.549999999999999822e+00 6.560000000000000497e+00 6.570000000000000284e+00 6.580000000000000071e+00 6.589999999999999858e+00 6.600000000000000533e+00 6.610000000000000320e+00 6.620000000000000107e+00 6.629999999999999893e+00 6.640000000000000568e+00 6.650000000000000355e+00 6.660000000000000142e+00 6.669999999999999929e+00 6.679999999999999716e+00 6.690000000000000391e+00 6.700000000000000178e+00 6.709999999999999964e+00 6.719999999999999751e+00 6.730000000000000426e+00 6.740000000000000213e+00 6.750000000000000000e+00 6.759999999999999787e+00 6.770000000000000462e+00 6.780000000000000249e+00 6.790000000000000036e+00 6.799999999999999822e+00 6.810000000000000497e+00 6.820000000000000284e+00 6.830000000000000071e+00 6.839999999999999858e+00 6.850000000000000533e+00 6.860000000000000320e+00 6.870000000000000107e+00 6.879999999999999893e+00 6.890000000000000568e+00 6.900000000000000355e+00 6.910000000000000142e+00 6.919999999999999929e+00 6.929999999999999716e+00 6.940000000000000391e+00 6.950000000000000178e+00 6.959999999999999964e+00 6.969999999999999751e+00 6.980000000000000426e+00 6.990000000000000213e+00 7.000000000000000000e+00 7.009999999999999787e+00 7.020000000000000462e+00 7.030000000000000249e+00 7.040000000000000036e+00 7.049999999999999822e+00 7.060000000000000497e+00 7.070000000000000284e+00 7.080000000000000071e+00 7.089999999999999858e+00 7.100000000000000533e+00 7.110000000000000320e+00 7.120000000000000107e+00 7.129999999999999893e+00 7.140000000000000568e+00 7.150000000000000355e+00 7.160000000000000142e+00 7.169999999999999929e+00 7.179999999999999716e+00 7.190000000000000391e+00 7.200000000000000178e+00 7.209999999999999964e+00 7.219999999999999751e+00 7.230000000000000426e+00 7.240000000000000213e+00 7.250000000000000000e+00 7.259999999999999787e+00 7.270000000000000462e+00 7.280000000000000249e+00 7.290000000000000036e+00 7.299999999999999822e+00 7.310000000000000497e+00 7.320000000000000284e+00 7.330000000000000071e+00 7.339999999999999858e+00 7.350000000000000533e+00 7.360000000000000320e+00 7.370000000000000107e+00 7.379999999999999893e+00 7.390000000000000568e+00 7.400000000000000355e+00 7.410000000000000142e+00 7.419999999999999929e+00 7.429999999999999716e+00 7.440000000000000391e+00 7.450000000000000178e+00 7.459999999999999964e+00 7.469999999999999751e+00 7.480000000000000426e+00 7.490000000000000213e+00 7.500000000000000000e+00 7.509999999999999787e+00 7.520000000000000462e+00 7.530000000000000249e+00 7.540000000000000036e+00 7.549999999999999822e+00 7.560000000000000497e+00 7.570000000000000284e+00 7.580000000000000071e+00 7.589999999999999858e+00 7.600000000000000533e+00 7.610000000000000320e+00 7.620000000000000107e+00 7.629999999999999893e+00 7.640000000000000568e+00 7.650000000000000355e+00 7.660000000000000142e+00 7.669999999999999929e+00 7.679999999999999716e+00 7.690000000000000391e+00 7.700000000000000178e+00 7.709999999999999964e+00 7.719999999999999751e+00 7.730000000000000426e+00 7.740000000000000213e+00 7.750000000000000000e+00 7.759999999999999787e+00 7.770000000000000462e+00 7.780000000000000249e+00 7.790000000000000036e+00 7.799999999999999822e+00 7.810000000000000497e+00 7.820000000000000284e+00 7.830000000000000071e+00 7.839999999999999858e+00 7.850000000000000533e+00 7.860000000000000320e+00 7.870000000000000107e+00 7.879999999999999893e+00 7.890000000000000568e+00 7.900000000000000355e+00 7.910000000000000142e+00 7.919999999999999929e+00 7.930000000000000604e+00 7.940000000000000391e+00 7.950000000000000178e+00 7.959999999999999964e+00 7.969999999999999751e+00 7.980000000000000426e+00 7.990000000000000213e+00 8.000000000000000000e+00 8.009999999999999787e+00 8.019999999999999574e+00 8.029999999999999361e+00 8.040000000000000924e+00 8.050000000000000711e+00 8.060000000000000497e+00 8.070000000000000284e+00 8.080000000000000071e+00 8.089999999999999858e+00 8.099999999999999645e+00 8.109999999999999432e+00 8.120000000000000995e+00 8.130000000000000782e+00 8.140000000000000568e+00 8.150000000000000355e+00 8.160000000000000142e+00 8.169999999999999929e+00 8.179999999999999716e+00 8.189999999999999503e+00 8.199999999999999289e+00 8.210000000000000853e+00 8.220000000000000639e+00 8.230000000000000426e+00 8.240000000000000213e+00 8.250000000000000000e+00 8.259999999999999787e+00 8.269999999999999574e+00 8.279999999999999361e+00 8.290000000000000924e+00 8.300000000000000711e+00 8.310000000000000497e+00 8.320000000000000284e+00 8.330000000000000071e+00 8.339999999999999858e+00 8.349999999999999645e+00 8.359999999999999432e+00 8.370000000000000995e+00 8.380000000000000782e+00 8.390000000000000568e+00 8.400000000000000355e+00 8.410000000000000142e+00 8.419999999999999929e+00 8.429999999999999716e+00 8.439999999999999503e+00 8.449999999999999289e+00 8.460000000000000853e+00 8.470000000000000639e+00 8.480000000000000426e+00 8.490000000000000213e+00 8.500000000000000000e+00 8.509999999999999787e+00 8.519999999999999574e+00 8.529999999999999361e+00 8.540000000000000924e+00 8.550000000000000711e+00 8.560000000000000497e+00 8.570000000000000284e+00 8.580000000000000071e+00 8.589999999999999858e+00 8.599999999999999645e+00 8.609999999999999432e+00 8.620000000000000995e+00 8.630000000000000782e+00 8.640000000000000568e+00 8.650000000000000355e+00 8.660000000000000142e+00 8.669999999999999929e+00 8.679999999999999716e+00 8.689999999999999503e+00 8.700000000000001066e+00 8.710000000000000853e+00 8.720000000000000639e+00 8.730000000000000426e+00 8.740000000000000213e+00 8.750000000000000000e+00 8.759999999999999787e+00 8.769999999999999574e+00 8.779999999999999361e+00 8.790000000000000924e+00 8.800000000000000711e+00 8.810000000000000497e+00 8.820000000000000284e+00 8.830000000000000071e+00 8.839999999999999858e+00 8.849999999999999645e+00 8.859999999999999432e+00 8.870000000000000995e+00 8.880000000000000782e+00 8.890000000000000568e+00 8.900000000000000355e+00 8.910000000000000142e+00 8.919999999999999929e+00 8.929999999999999716e+00 8.939999999999999503e+00 8.950000000000001066e+00 8.960000000000000853e+00 8.970000000000000639e+00 8.980000000000000426e+00 8.990000000000000213e+00 9.000000000000000000e+00 9.009999999999999787e+00 9.019999999999999574e+00 9.029999999999999361e+00 9.040000000000000924e+00 9.050000000000000711e+00 9.060000000000000497e+00 9.070000000000000284e+00 9.080000000000000071e+00 9.089999999999999858e+00 9.099999999999999645e+00 9.109999999999999432e+00 9.120000000000000995e+00 9.130000000000000782e+00 9.140000000000000568e+00 9.150000000000000355e+00 9.160000000000000142e+00 9.169999999999999929e+00 9.179999999999999716e+00 9.189999999999999503e+00 9.200000000000001066e+00 9.210000000000000853e+00 9.220000000000000639e+00 9.230000000000000426e+00 9.240000000000000213e+00 9.250000000000000000e+00 9.259999999999999787e+00 9.269999999999999574e+00 9.279999999999999361e+00 9.290000000000000924e+00 9.300000000000000711e+00 9.310000000000000497e+00 9.320000000000000284e+00 9.330000000000000071e+00 9.339999999999999858e+00 9.349999999999999645e+00 9.359999999999999432e+00 9.370000000000000995e+00 9.380000000000000782e+00 9.390000000000000568e+00 9.400000000000000355e+00 9.410000000000000142e+00 9.419999999999999929e+00 9.429999999999999716e+00 9.439999999999999503e+00 9.450000000000001066e+00 9.460000000000000853e+00 9.470000000000000639e+00 9.480000000000000426e+00 9.490000000000000213e+00 9.500000000000000000e+00 9.509999999999999787e+00 9.519999999999999574e+00 9.529999999999999361e+00 9.540000000000000924e+00 9.550000000000000711e+00 9.560000000000000497e+00 9.570000000000000284e+00 9.580000000000000071e+00 9.589999999999999858e+00 9.599999999999999645e+00 9.609999999999999432e+00 9.620000000000000995e+00 9.630000000000000782e+00 9.640000000000000568e+00 9.650000000000000355e+00 9.660000000000000142e+00 9.669999999999999929e+00 9.679999999999999716e+00 9.689999999999999503e+00 9.700000000000001066e+00 9.710000000000000853e+00 9.720000000000000639e+00 9.730000000000000426e+00 9.740000000000000213e+00 9.750000000000000000e+00 9.759999999999999787e+00 9.769999999999999574e+00 9.779999999999999361e+00 9.790000000000000924e+00 9.800000000000000711e+00 9.810000000000000497e+00 9.820000000000000284e+00 9.830000000000000071e+00 9.839999999999999858e+00 9.849999999999999645e+00 9.859999999999999432e+00 9.870000000000000995e+00 9.880000000000000782e+00 9.890000000000000568e+00 9.900000000000000355e+00 9.910000000000000142e+00 9.919999999999999929e+00 9.929999999999999716e+00 9.939999999999999503e+00 9.950000000000001066e+00 9.960000000000000853e+00 9.970000000000000639e+00 9.980000000000000426e+00 9.990000000000000213e+00 1.000000000000000000e+01 1.000999999999999979e+01 1.001999999999999957e+01 1.002999999999999936e+01 1.004000000000000092e+01 1.005000000000000071e+01 1.006000000000000050e+01 1.007000000000000028e+01 1.008000000000000007e+01 1.008999999999999986e+01 1.009999999999999964e+01 1.010999999999999943e+01 1.012000000000000099e+01 1.013000000000000078e+01 1.014000000000000057e+01 1.015000000000000036e+01 1.016000000000000014e+01 1.016999999999999993e+01 1.017999999999999972e+01 1.018999999999999950e+01 1.020000000000000107e+01 1.021000000000000085e+01 1.022000000000000064e+01 1.023000000000000043e+01 1.024000000000000021e+01 1.025000000000000000e+01 1.025999999999999979e+01 1.026999999999999957e+01 1.027999999999999936e+01 1.029000000000000092e+01 1.030000000000000071e+01 1.031000000000000050e+01 1.032000000000000028e+01 1.033000000000000007e+01 1.033999999999999986e+01 1.034999999999999964e+01 1.035999999999999943e+01 1.037000000000000099e+01 1.038000000000000078e+01 1.039000000000000057e+01 1.040000000000000036e+01 1.041000000000000014e+01 1.041999999999999993e+01 1.042999999999999972e+01 1.043999999999999950e+01 1.045000000000000107e+01 1.046000000000000085e+01 1.047000000000000064e+01 1.048000000000000043e+01 1.049000000000000021e+01 1.050000000000000000e+01 1.050999999999999979e+01 1.051999999999999957e+01 1.052999999999999936e+01 1.054000000000000092e+01 1.055000000000000071e+01 1.056000000000000050e+01 1.057000000000000028e+01 1.058000000000000007e+01 1.058999999999999986e+01 1.059999999999999964e+01 1.060999999999999943e+01 1.062000000000000099e+01 1.063000000000000078e+01 1.064000000000000057e+01 1.065000000000000036e+01 1.066000000000000014e+01 1.066999999999999993e+01 1.067999999999999972e+01 1.068999999999999950e+01 1.070000000000000107e+01 1.071000000000000085e+01 1.072000000000000064e+01 1.073000000000000043e+01 1.074000000000000021e+01 1.075000000000000000e+01 1.075999999999999979e+01 1.076999999999999957e+01 1.077999999999999936e+01 1.079000000000000092e+01 1.080000000000000071e+01 1.081000000000000050e+01 1.082000000000000028e+01 1.083000000000000007e+01 1.083999999999999986e+01 1.084999999999999964e+01 1.085999999999999943e+01 1.087000000000000099e+01 1.088000000000000078e+01 1.089000000000000057e+01 1.090000000000000036e+01 1.091000000000000014e+01 1.091999999999999993e+01 1.092999999999999972e+01 1.093999999999999950e+01 1.095000000000000107e+01 1.096000000000000085e+01 1.097000000000000064e+01 1.098000000000000043e+01 1.099000000000000021e+01 1.100000000000000000e+01 1.100999999999999979e+01 1.101999999999999957e+01 1.102999999999999936e+01 1.104000000000000092e+01 1.105000000000000071e+01 1.106000000000000050e+01 1.107000000000000028e+01 1.108000000000000007e+01 1.108999999999999986e+01 1.109999999999999964e+01 1.110999999999999943e+01 1.112000000000000099e+01 1.113000000000000078e+01 1.114000000000000057e+01 1.115000000000000036e+01 1.116000000000000014e+01 1.116999999999999993e+01 1.117999999999999972e+01 1.118999999999999950e+01 1.120000000000000107e+01 1.121000000000000085e+01 1.122000000000000064e+01 1.123000000000000043e+01 1.124000000000000021e+01 1.125000000000000000e+01 1.125999999999999979e+01 1.126999999999999957e+01 1.127999999999999936e+01 1.129000000000000092e+01 1.130000000000000071e+01 1.131000000000000050e+01 1.132000000000000028e+01 1.133000000000000007e+01 1.133999999999999986e+01 1.134999999999999964e+01 1.135999999999999943e+01 1.137000000000000099e+01 1.138000000000000078e+01 1.139000000000000057e+01 1.140000000000000036e+01 1.141000000000000014e+01 1.141999999999999993e+01 1.142999999999999972e+01 1.143999999999999950e+01 1.145000000000000107e+01 1.146000000000000085e+01 1.147000000000000064e+01 1.148000000000000043e+01 1.149000000000000021e+01 1.150000000000000000e+01 1.150999999999999979e+01 1.151999999999999957e+01 1.152999999999999936e+01 1.154000000000000092e+01 1.155000000000000071e+01 1.156000000000000050e+01 1.157000000000000028e+01 1.158000000000000007e+01 1.158999999999999986e+01 1.159999999999999964e+01 1.160999999999999943e+01 1.162000000000000099e+01 1.163000000000000078e+01 1.164000000000000057e+01 1.165000000000000036e+01 1.166000000000000014e+01 1.166999999999999993e+01 1.167999999999999972e+01 1.168999999999999950e+01 1.170000000000000107e+01 1.171000000000000085e+01 1.172000000000000064e+01 1.173000000000000043e+01 1.174000000000000021e+01 1.175000000000000000e+01 1.175999999999999979e+01 1.176999999999999957e+01 1.177999999999999936e+01 1.179000000000000092e+01 1.180000000000000071e+01 1.181000000000000050e+01 1.182000000000000028e+01 1.183000000000000007e+01 1.183999999999999986e+01 1.184999999999999964e+01 1.185999999999999943e+01 1.187000000000000099e+01 1.188000000000000078e+01 1.189000000000000057e+01 1.190000000000000036e+01 1.191000000000000014e+01 1.191999999999999993e+01 1.192999999999999972e+01 1.193999999999999950e+01 1.195000000000000107e+01 1.196000000000000085e+01 1.197000000000000064e+01 1.198000000000000043e+01 1.199000000000000021e+01 1.200000000000000000e+01
-5.464101615137755275e+00 -5.464101615137753498e+00 -5.464101615137753498e+00 -5.464101615137750834e+00 -5.464101615137750834e+00 -5.464101615137749057e+00 -5.464101615137749057e+00 -5.464101615137748169e+00 -5.464101615137746393e+00 -5.464101615137744616e+00 -5.464101615137743728e+00 -5.464101615137741952e+00 -5.464101615137742840e+00 -5.464101615137740175e+00 -5.464101615137741952e+00 -5.464101615137739287e+00 -5.464101615137737511e+00 -5.464101615137737511e+00 -5.464101615137735735e+00 -5.464101615137733958e+00 -5.464101615137734846e+00 -5.464101615137734846e+00 -5.464101615137733070e+00 -5.464101615137733958e+00 -5.464101615137731294e+00 -5.464101615137729517e+00 -5.464101615137729517e+00 -5.464101615137726853e+00 -5.464101615137729517e+00 -5.464101615137725076e+00 -5.464101615137725965e+00 -5.464101615137723300e+00 -5.464101615137724188e+00 -5.464101615137720636e+00 -5.464101615137719747e+00 -5.464101615137718859e+00 -5.464101615137718859e+00 -5.464101615137717083e+00 -5.464101615137717083e+00 -5.464101615137714418e+00 -5.464101615137718859e+00 -5.464101615137712642e+00 -5.464101615137711754e+00 -5.464101615137709089e+00 -5.464101615137709089e+00 -5.464101615137707313e+00 -5.464101615137705537e+00 -5.464101615137708201e+00 -5.464101615137708201e+00 -5.464101615137705537e+00 -5.464101615137704648e+00 -5.464101615137702872e+00 -5.464101615137705537e+00 -5.464101615137701984e+00 -5.464101615137702872e+00 -5.464101615137701984e+00 -5.464101615137701096e+00 -5.464101615137697543e+00 -5.464101615137695767e+00 -5.464101615137697543e+00 -5.464101615137692214e+00 -5.464101615137692214e+00 -5.464101615137692214e+00 -5.464101615137694878e+00 -5.464101615137690438e+00 -5.464101615137688661e+00 -5.464101615137690438e+00 -5.464101615137686885e+00 -5.464101615137688661e+00 -5.464101615137682444e+00 -5.464101615137684220e+00 -5.464101615137682444e+00 -5.464101615137685108e+00 -5.464101615137683332e+00 -5.464101615137679779e+00 -5.464101615137678891e+00 -5.464101615137679779e+00 -5.464101615137678003e+00 -5.464101615137676227e+00 -5.464101615137677115e+00 -5.464101615137675338e+00 -5.464101615137672674e+00 -5.464101615137672674e+00 -5.464101615137673562e+00 -5.464101615137670009e+00 -5.464101615137670898e+00 -5.464101615137669121e+00 -5.464101615137669121e+00 -5.464101615137668233e+00 -5.464101615137666457e+00 -5.464101615137663792e+00 -5.464101615137662904e+00 -5.464101615137662904e+00 -5.464101615137663792e+00 -5.464101615137660239e+00 -5.464101615137658463e+00 -5.464101615137655799e+00 -5.464101615137657575e+00 -5.464101615137654022e+00 -5.464101615137654910e+00 -5.464101615137654910e+00 -5.464101615137654910e+00 -5.464101615137654022e+00 -5.464101615137652246e+00 -5.464101615137654022e+00 -5.464101615137654022e+00 -5.464101615137649581e+00 -5.464101615137647805e+00 -5.464101615137649581e+00 -5.464101615137645140e+00 -5.464101615137647805e+00 -5.464101615137646029e+00 -5.464101615137642476e+00 -5.464101615137641588e+00 -5.464101615137640700e+00 -5.464101615137639811e+00 -5.464101615137639811e+00 -5.464101615137639811e+00 -5.464101615137637147e+00 -5.464101615137635370e+00 -5.464101615137634482e+00 -5.464101615137633594e+00 -5.464101615137631818e+00 -5.464101615137631818e+00 -5.464101615137631818e+00 -5.464101615137627377e+00 -5.464101615137630930e+00 -5.464101615137627377e+00 -5.464101615137627377e+00 -5.464101615137626489e+00 -5.464101615137624712e+00 -5.464101615137622048e+00 -5.464101615137623824e+00 -5.464101615137622048e+00 -5.464101615137621160e+00 -5.464101615137621160e+00 -5.464101615137617607e+00 -5.464101615137618495e+00 -5.464101615137616719e+00 -5.464101615137618495e+00 -5.464101615137614054e+00 -5.464101615137613166e+00 -5.464101615137614054e+00 -5.464101615137610501e+00 -5.464101615137611390e+00 -5.464101615137609613e+00 -5.464101615137610501e+00 -5.464101615137606949e+00 -5.464101615137604284e+00 -5.464101615137606061e+00 -5.464101615137604284e+00 -5.464101615137603396e+00 -5.464101615137599843e+00 -5.464101615137600731e+00 -5.464101615137598955e+00 -5.464101615137597179e+00 -5.464101615137596291e+00 -5.464101615137598955e+00 -5.464101615137597179e+00 -5.464101615137596291e+00 -5.464101615137593626e+00 -5.464101615137596291e+00 -5.464101615137597179e+00 -5.464101615137591850e+00 -5.464101615137591850e+00 -5.464101615137590962e+00 -5.464101615137589185e+00 -5.464101615137585632e+00 -5.464101615137586521e+00 -5.464101615137587409e+00 -5.464101615137583856e+00 -5.464101615137584744e+00 -5.464101615137583856e+00 -5.464101615137582968e+00 -5.464101615137581192e+00 -5.464101615137579415e+00 -5.464101615137580303e+00 -5.464101615137578527e+00 -5.464101615137576751e+00 -5.464101615137574974e+00 -5.464101615137574974e+00 -5.464101615137574974e+00 -5.464101615137574974e+00 -5.464101615137574086e+00 -5.464101615137573198e+00 -5.464101615137569645e+00 -5.464101615137569645e+00 -5.464101615137568757e+00 -5.464101615137567869e+00 -5.464101615137566093e+00 -5.464101615137565204e+00 -5.464101615137565204e+00 -5.464101615137564316e+00 -5.464101615137564316e+00 -5.464101615137560763e+00 -5.464101615137561652e+00 -5.464101615137559875e+00 -5.464101615137558987e+00 -5.464101615137557211e+00 -5.464101615137556323e+00 -5.464101615137556323e+00 -5.464101615137556323e+00 -5.464101615137554546e+00 -5.464101615137550105e+00 -5.464101615137550993e+00 -5.464101615137548329e+00 -5.464101615137550993e+00 -5.464101615137549217e+00 -5.464101615137547441e+00 -5.464101615137545664e+00 -5.464101615137547441e+00 -5.464101615137542112e+00 -5.464101615137543888e+00 -5.464101615137541224e+00 -5.464101615137542112e+00 -5.464101615137541224e+00 -5.464101615137537671e+00 -5.464101615137539447e+00 -5.464101615137537671e+00 -5.464101615137535894e+00 -5.464101615137537671e+00 -5.464101615137534118e+00 -5.464101615137533230e+00 -5.464101615137531454e+00 -5.464101615137533230e+00 -5.464101615137529677e+00 -5.464101615137529677e+00 -5.464101615137526124e+00 -5.464101615137527901e+00 -5.464101615137527901e+00 -5.464101615137525236e+00 -5.464101615137524348e+00 -5.464101615137524348e+00 -5.464101615137521684e+00 -5.464101615137520795e+00 -5.464101615137519019e+00 -5.464101615137519907e+00 -5.464101615137518131e+00 -5.464101615137518131e+00 -5.464101615137518131e+00 -5.464101615137517243e+00 -5.464101615137514578e+00 -5.464101615137512802e+00 -5.464101615137511025e+00 -5.464101615137511914e+00 -5.464101615137511025e+00 -5.464101615137509249e+00 -5.464101615137505696e+00 -5.464101615137510137e+00 -5.464101615137507473e+00 -5.464101615137507473e+00 -5.464101615137508361e+00 -5.464101615137503920e+00 -5.464101615137504808e+00 -5.464101615137500367e+00 -5.464101615137502144e+00 -5.464101615137499479e+00 -5.464101615137498591e+00 -5.464101615137497703e+00 -5.464101615137495926e+00 -5.464101615137493262e+00 -5.464101615137495038e+00 -5.464101615137492374e+00 -5.464101615137493262e+00 -5.464101615137490597e+00 -5.464101615137490597e+00 -5.464101615137488821e+00 -5.464101615137489709e+00 -5.464101615137486156e+00 -5.464101615137487933e+00 -5.464101615137485268e+00 -5.464101615137486156e+00 -5.464101615137484380e+00 -5.464101615137483492e+00 -5.464101615137479939e+00 -5.464101615137480827e+00 -5.464101615137481716e+00 -5.464101615137476387e+00 -5.464101615137479051e+00 -5.464101615137479051e+00 -5.464101615137475498e+00 -5.464101615137474610e+00 -5.464101615137473722e+00 -5.464101615137471946e+00 -5.464101615137471057e+00 -5.464101615137471946e+00 -5.464101615137468393e+00 -5.464101615137467505e+00 -5.464101615137467505e+00 -5.464101615137468393e+00 -5.464101615137465728e+00 -5.464101615137466617e+00 -5.464101615137462176e+00 -5.464101615137461287e+00 -5.464101615137462176e+00 -5.464101615137460399e+00 -5.464101615137459511e+00 -5.464101615137460399e+00 -5.464101615137458623e+00 -5.464101615137457735e+00 -5.464101615137454182e+00 -5.464101615137454182e+00 -5.464101615137455070e+00 -5.464101615137453294e+00 -5.464101615137452406e+00 -5.464101615137450629e+00 -5.464101615137447965e+00 -5.464101615137448853e+00 -5.464101615137447965e+00 -5.464101615137446188e+00 -5.464101615137444412e+00 -5.464101615137446188e+00 -5.464101615137442636e+00 -5.464101615137441748e+00 -5.464101615137442636e+00 -5.464101615137438195e+00 -5.464101615137438195e+00 -5.464101615137437307e+00 -5.464101615137438195e+00 -5.464101615137436418e+00 -5.464101615137436418e+00 -5.464101615137436418e+00 -5.464101615137435530e+00 -5.464101615137432866e+00 -5.464101615137430201e+00 -5.464101615137431089e+00 -5.464101615137429313e+00 -5.464101615137426649e+00 -5.464101615137425760e+00 -5.464101615137430201e+00 -5.464101615137426649e+00 -5.464101615137423096e+00 -5.464101615137423984e+00 -5.464101615137422208e+00 -5.464101615137422208e+00 -5.464101615137421319e+00 -5.464101615137419543e+00 -5.464101615137421319e+00 -5.464101615137419543e+00 -5.464101615137415990e+00 -5.464101615137415990e+00 -5.464101615137414214e+00 -5.464101615137413326e+00 -5.464101615137413326e+00 -5.464101615137413326e+00 -5.464101615137410661e+00 -5.464101615137407109e+00 -5.464101615137407109e+00 -5.464101615137408885e+00 -5.464101615137406220e+00 -5.464101615137403556e+00 -5.464101615137406220e+00 -5.464101615137403556e+00 -5.464101615137404444e+00 -5.464101615137399115e+00 -5.464101615137401780e+00 -5.464101615137399115e+00 -5.464101615137397339e+00 -5.464101615137397339e+00 -5.464101615137393786e+00 -5.464101615137395562e+00 -5.464101615137395562e+00 -5.464101615137394674e+00 -5.464101615137394674e+00 -5.464101615137391121e+00 -5.464101615137391121e+00 -5.464101615137389345e+00 -5.464101615137387569e+00 -5.464101615137390233e+00 -5.464101615137385792e+00 -5.464101615137385792e+00 -5.464101615137383128e+00 -5.464101615137384016e+00 -5.464101615137380463e+00 -5.464101615137380463e+00 -5.464101615137380463e+00 -5.464101615137379575e+00 -5.464101615137378687e+00 -5.464101615137378687e+00 -5.464101615137376911e+00 -5.464101615137379575e+00 -5.464101615137376022e+00 -5.464101615137375134e+00 -5.464101615137372470e+00 -5.464101615137372470e+00 -5.464101615137372470e+00 -5.464101615137368917e+00 -5.464101615137368029e+00 -5.464101615137369805e+00 -5.464101615137368029e+00 -5.464101615137368029e+00 -5.464101615137367141e+00 -5.464101615137365364e+00 -5.464101615137361811e+00 -5.464101615137361811e+00 -5.464101615137360035e+00 -5.464101615137356482e+00 -5.464101615137360035e+00 -5.464101615137356482e+00 -5.464101615137356482e+00 -5.464101615137359147e+00 -5.464101615137357371e+00 -5.464101615137356482e+00 -5.464101615137352930e+00 -5.464101615137352930e+00 -5.464101615137352930e+00 -5.464101615137350265e+00 -5.464101615137350265e+00 -5.464101615137348489e+00 -5.464101615137344936e+00 -5.464101615137348489e+00 -5.464101615137346712e+00 -5.464101615137344936e+00 -5.464101615137344048e+00 -5.464101615137341383e+00 -5.464101615137340495e+00 -5.464101615137341383e+00 -5.464101615137339607e+00 -5.464101615137338719e+00 -5.464101615137336942e+00 -5.464101615137336054e+00 -5.464101615137333390e+00 -5.464101615137334278e+00 -5.464101615137335166e+00 -5.464101615137332502e+00 -5.464101615137329837e+00 -5.464101615137329837e+00 -5.464101615137329837e+00 -5.464101615137328061e+00 -5.464101615137328949e+00 -5.464101615137326284e+00 -5.464101615137324508e+00 -5.464101615137323620e+00 -5.464101615137323620e+00 -5.464101615137322732e+00 -5.464101615137323620e+00 -5.464101615137319179e+00 -5.464101615137319179e+00 -5.464101615137319179e+00 -5.464101615137319179e+00 -5.464101615137315626e+00 -5.464101615137316514e+00 -5.464101615137313850e+00 -5.464101615137313850e+00 -5.464101615137312074e+00 -5.464101615137309409e+00 -5.464101615137311185e+00 -5.464101615137310297e+00 -5.464101615137308521e+00 -5.464101615137307633e+00 -5.464101615137305856e+00 -5.464101615137307633e+00 -5.464101615137304968e+00 -5.464101615137304080e+00 -5.464101615137304080e+00 -5.464101615137304080e+00 -5.464101615137298751e+00 -5.464101615137296974e+00 -5.464101615137298751e+00 -5.464101615137298751e+00 -5.464101615137296086e+00 -5.464101615137295198e+00 -5.464101615137296974e+00 -5.464101615137296086e+00 -5.464101615137293422e+00 -5.464101615137292534e+00 -5.464101615137291645e+00 -5.464101615137288093e+00 -5.464101615137288981e+00 -5.464101615137287205e+00 -5.464101615137288093e+00 -5.464101615137286316e+00 -5.464101615137285428e+00 -5.464101615137282764e+00 -5.464101615137283652e+00 -5.464101615137281875e+00 -5.464101615137281875e+00 -5.464101615137279211e+00 -5.464101615137277435e+00 -5.464101615137277435e+00 -5.464101615137273882e+00 -5.464101615137276546e+00 -5.464101615137273882e+00 -5.464101615137273882e+00 -5.464101615137272994e+00 -5.464101615137272994e+00 -5.464101615137272105e+00 -5.464101615137270329e+00 -5.464101615137268553e+00 -5.464101615137264112e+00 -5.464101615137266776e+00 -5.464101615137265888e+00 -5.464101615137265888e+00 -5.464101615137265888e+00 -5.464101615137260559e+00 -5.464101615137260559e+00 -5.464101615137259671e+00 -5.464101615137260559e+00 -5.464101615137257006e+00 -5.464101615137257006e+00 -5.464101615137256118e+00 -5.464101615137256118e+00 -5.464101615137255230e+00 -5.464101615137252566e+00 -5.464101615137253454e+00 -5.464101615137253454e+00 -5.464101615137252566e+00 -5.464101615137250789e+00 -5.464101615137249013e+00 -5.464101615137248125e+00 -5.464101615137245460e+00 -5.464101615137248125e+00 -5.464101615137246348e+00 -5.464101615137243684e+00 -5.464101615137245460e+00 -5.464101615137243684e+00 -5.464101615137241019e+00 -5.464101615137238355e+00 -5.464101615137240131e+00 -5.464101615137235690e+00 -5.464101615137237467e+00 -5.464101615137237467e+00 -5.464101615137235690e+00 -5.464101615137233026e+00 -5.464101615137231249e+00 -5.464101615137230361e+00 -5.464101615137230361e+00 -5.464101615137227697e+00 -5.464101615137226808e+00 -5.464101615137228585e+00 -5.464101615137224144e+00 -5.464101615137226808e+00 -5.464101615137224144e+00 -5.464101615137225920e+00 -5.464101615137222367e+00 -5.464101615137222367e+00 -5.464101615137220591e+00 -5.464101615137223256e+00 -5.464101615137219703e+00 -5.464101615137217927e+00 -5.464101615137216150e+00 -5.464101615137217038e+00 -5.464101615137214374e+00 -5.464101615137214374e+00 -5.464101615137214374e+00 -5.464101615137209045e+00 -5.464101615137209045e+00 -5.464101615137210821e+00 -5.464101615137209045e+00 -5.464101615137209045e+00 -5.464101615137206380e+00 -5.464101615137205492e+00 -5.464101615137205492e+00 -5.464101615137201939e+00 -5.464101615137202828e+00 -5.464101615137203716e+00 -5.464101615137202828e+00 -5.464101615137199275e+00 -5.464101615137199275e+00 -5.464101615137196610e+00 -5.464101615137193946e+00 -5.464101615137197498e+00 -5.464101615137197498e+00 -5.464101615137193058e+00 -5.464101615137194834e+00 -5.464101615137189505e+00 -5.464101615137188617e+00 -5.464101615137187729e+00 -5.464101615137189505e+00 -5.464101615137190393e+00 -5.464101615137187729e+00 -5.464101615137184176e+00 -5.464101615137184176e+00 -5.464101615137185064e+00 -5.464101615137183288e+00 -5.464101615137181511e+00 -5.464101615137181511e+00 -5.464101615137180623e+00 -5.464101615137178847e+00 -5.464101615137176182e+00 -5.464101615137176182e+00 -5.464101615137175294e+00 -5.464101615137174406e+00 -5.464101615137175294e+00 -5.464101615137171741e+00 -5.464101615137172629e+00 -5.464101615137175294e+00 -5.464101615137171741e+00 -5.464101615137171741e+00 -5.464101615137167300e+00 -5.464101615137165524e+00 -5.464101615137163748e+00 -5.464101615137165524e+00 -5.464101615137165524e+00 -5.464101615137163748e+00 -5.464101615137163748e+00 -5.464101615137161083e+00 -5.464101615137159307e+00 -5.464101615137157530e+00 -5.464101615137157530e+00 -5.464101615137155754e+00 -5.464101615137154866e+00 -5.464101615137154866e+00 -5.464101615137153090e+00 -5.464101615137150425e+00 -5.464101615137152201e+00 -5.464101615137149537e+00 -5.464101615137148649e+00 -5.464101615137149537e+00 -5.464101615137151313e+00 -5.464101615137146872e+00 -5.464101615137149537e+00 -5.464101615137144208e+00 -5.464101615137144208e+00 -5.464101615137142431e+00 -5.464101615137143320e+00 -5.464101615137141543e+00 -5.464101615137138879e+00 -5.464101615137137991e+00 -5.464101615137138879e+00 -5.464101615137139767e+00 -5.464101615137137991e+00 -5.464101615137133550e+00 -5.464101615137132661e+00 -5.464101615137133550e+00 -5.464101615137131773e+00 -5.464101615137131773e+00 -5.464101615137129997e+00 -5.464101615137130885e+00 -5.464101615137128221e+00 -5.464101615137126444e+00 -5.464101615137127332e+00 -5.464101615137125556e+00 -5.464101615137123780e+00 -5.464101615137122003e+00 -5.464101615137121115e+00 -5.464101615137121115e+00 -5.464101615137118451e+00 -5.464101615137120227e+00 -5.464101615137116674e+00 -5.464101615137117562e+00 -5.464101615137114898e+00 -5.464101615137115786e+00 -5.464101615137115786e+00 -5.464101615137114898e+00 -5.464101615137113122e+00 -5.464101615137112233e+00 -5.464101615137112233e+00 -5.464101615137109569e+00 -5.464101615137107792e+00 -5.464101615137106016e+00 -5.464101615137103352e+00 -5.464101615137104240e+00 -5.464101615137106016e+00 -5.464101615137105128e+00 -5.464101615137102463e+00 -5.464101615137102463e+00 -5.464101615137099799e+00 -5.464101615137097134e+00 -5.464101615137098911e+00 -5.464101615137098023e+00 -5.464101615137095358e+00 -5.464101615137097134e+00 -5.464101615137096246e+00 -5.464101615137094470e+00 -5.464101615137091805e+00 -5.464101615137090917e+00 -5.464101615137088253e+00 -5.464101615137088253e+00 -5.464101615137090029e+00 -5.464101615137084700e+00 -5.464101615137085588e+00 -5.464101615137088253e+00 -5.464101615137083812e+00 -5.464101615137084700e+00 -5.464101615137083812e+00 -5.464101615137085588e+00 -5.464101615137080259e+00 -5.464101615137078483e+00 -5.464101615137078483e+00 -5.464101615137076706e+00 -5.464101615137074930e+00 -5.464101615137074930e+00 -5.464101615137075818e+00 -5.464101615137073154e+00 -5.464101615137071377e+00 -5.464101615137071377e+00 -5.464101615137069601e+00 -5.464101615137073154e+00 -5.464101615137069601e+00 -5.464101615137067824e+00 -5.464101615137065160e+00 -5.464101615137065160e+00 -5.464101615137062495e+00 -5.464101615137062495e+00 -5.464101615137062495e+00 -5.464101615137059831e+00 -5.464101615137060719e+00 -5.464101615137060719e+00 -5.464101615137055390e+00 -5.464101615137056278e+00 -5.464101615137057166e+00 -5.464101615137056278e+00 -5.464101615137053614e+00 -5.464101615137053614e+00 -5.464101615137055390e+00 -5.464101615137050949e+00 -5.464101615137050061e+00 -5.464101615137049173e+00 -5.464101615137051837e+00 -5.464101615137047396e+00 -5.464101615137049173e+00 -5.464101615137047396e+00 -5.464101615137043844e+00 -5.464101615137045620e+00 -5.464101615137045620e+00 -5.464101615137042067e+00 -5.464101615137042067e+00 -5.464101615137041179e+00 -5.464101615137040291e+00 -5.464101615137039403e+00 -5.464101615137035850e+00 -5.464101615137036738e+00 -5.464101615137033185e+00 -5.464101615137034962e+00 -5.464101615137032297e+00 -5.464101615137032297e+00 -5.464101615137030521e+00 -5.464101615137029633e+00 -5.464101615137027856e+00 -5.464101615137028745e+00 -5.464101615137027856e+00 -5.464101615137026080e+00 -5.464101615137025192e+00 -5.464101615137024304e+00 -5.464101615137023416e+00 -5.464101615137021639e+00 -5.464101615137022527e+00 -5.464101615137020751e+00 -5.464101615137016310e+00 -5.464101615137017198e+00 -5.464101615137017198e+00 -5.464101615137015422e+00 -5.464101615137013646e+00 -5.464101615137015422e+00 -5.464101615137013646e+00 -5.464101615137014534e+00 -5.464101615137010093e+00 -5.464101615137010093e+00 -5.464101615137010981e+00 -5.464101615137007428e+00 -5.464101615137009205e+00 -5.464101615137005652e+00 -5.464101615137002099e+00 -5.464101615137001211e+00 -5.464101615137002987e+00 -5.464101615137001211e+00 -5.464101615137000323e+00 -5.464101615137002987e+00 -5.464101615136997658e+00 -5.464101615136995882e+00 -5.464101615136995882e+00 -5.464101615136996770e+00 -5.464101615136994994e+00 -5.464101615136991441e+00 -5.464101615136992329e+00 -5.464101615136992329e+00 -5.464101615136990553e+00 -5.464101615136988777e+00 -5.464101615136987000e+00 -5.464101615136987888e+00 -5.464101615136988777e+00 -5.464101615136986112e+00 -5.464101615136986112e+00 -5.464101615136983447e+00 -5.464101615136982559e+00 -5.464101615136980783e+00 -5.464101615136981671e+00 -5.464101615136980783e+00 -5.464101615136979007e+00 -5.464101615136980783e+00 -5.464101615136975454e+00 -5.464101615136975454e+00 -5.464101615136975454e+00 -5.464101615136974566e+00 -5.464101615136972789e+00 -5.464101615136971901e+00 -5.464101615136970125e+00 -5.464101615136972789e+00 -5.464101615136967460e+00 -5.464101615136967460e+00 -5.464101615136965684e+00 -5.464101615136966572e+00 -5.464101615136963908e+00 -5.464101615136963019e+00 -5.464101615136960355e+00 -5.464101615136962131e+00 -5.464101615136961243e+00 -5.464101615136956802e+00 -5.464101615136956802e+00 -5.464101615136958578e+00 -5.464101615136956802e+00 -5.464101615136955914e+00 -5.464101615136955026e+00 -5.464101615136955914e+00 -5.464101615136955026e+00 -5.464101615136949697e+00 -5.464101615136951473e+00 -5.464101615136949697e+00 -5.464101615136946144e+00 -5.464101615136948809e+00 -5.464101615136947032e+00 -5.464101615136947032e+00 -5.464101615136944368e+00 -5.464101615136940815e+00 -5.464101615136943479e+00 -5.464101615136942591e+00 -5.464101615136940815e+00 -5.464101615136938150e+00 -5.464101615136939039e+00 -5.464101615136937262e+00 -5.464101615136938150e+00 -5.464101615136934598e+00 -5.464101615136933709e+00 -5.464101615136933709e+00 -5.464101615136935486e+00 -5.464101615136932821e+00 -5.464101615136929269e+00 -5.464101615136928380e+00 -5.464101615136929269e+00 -5.464101615136930157e+00 -5.464101615136923940e+00 -5.464101615136925716e+00 -5.464101615136924828e+00 -5.464101615136924828e+00 -5.464101615136923051e+00 -5.464101615136921275e+00 -5.464101615136922163e+00 -5.464101615136918610e+00 -5.464101615136918610e+00 -5.464101615136915946e+00 -5.464101615136917722e+00 -5.464101615136915058e+00 -5.464101615136917722e+00 -5.464101615136915946e+00 -5.464101615136911505e+00 -5.464101615136910617e+00 -5.464101615136910617e+00 -5.464101615136908840e+00 -5.464101615136911505e+00 -5.464101615136909729e+00 -5.464101615136906176e+00 -5.464101615136907064e+00 -5.464101615136906176e+00 -5.464101615136904400e+00 -5.464101615136905288e+00 -5.464101615136902623e+00 -5.464101615136901735e+00 -5.464101615136898182e+00 -5.464101615136897294e+00 -5.464101615136899959e+00 -5.464101615136897294e+00 -5.464101615136896406e+00 -5.464101615136895518e+00 -5.464101615136892853e+00 -5.464101615136893741e+00 -5.464101615136891965e+00 -5.464101615136890189e+00 -5.464101615136889301e+00 -5.464101615136887524e+00 -5.464101615136885748e+00 -5.464101615136888412e+00 -5.464101615136884860e+00 -5.464101615136883972e+00 -5.464101615136886636e+00 -5.464101615136883083e+00 -5.464101615136882195e+00 -5.464101615136882195e+00 -5.464101615136879531e+00 -5.464101615136879531e+00 -5.464101615136877754e+00 -5.464101615136878642e+00 -5.464101615136875978e+00 -5.464101615136877754e+00 -5.464101615136874202e+00 -5.464101615136873313e+00 -5.464101615136874202e+00 -5.464101615136871537e+00 -5.464101615136870649e+00 -5.464101615136870649e+00 -5.464101615136867984e+00 -5.464101615136867984e+00 -5.464101615136866208e+00 -5.464101615136865320e+00 -5.464101615136865320e+00 -5.464101615136863543e+00 -5.464101615136861767e+00 -5.464101615136863543e+00 -5.464101615136860879e+00 -5.464101615136859991e+00 -5.464101615136859103e+00 -5.464101615136857326e+00 -5.464101615136856438e+00 -5.464101615136856438e+00 -5.464101615136854662e+00 -5.464101615136854662e+00 -5.464101615136853773e+00 -5.464101615136850221e+00 -5.464101615136850221e+00 -5.464101615136847556e+00 -5.464101615136851109e+00 -5.464101615136847556e+00 -5.464101615136847556e+00 -5.464101615136847556e+00 -5.464101615136844892e+00 -5.464101615136841339e+00 -5.464101615136843115e+00 -5.464101615136840451e+00 -5.464101615136838674e+00 -5.464101615136841339e+00 -5.464101615136837786e+00 -5.464101615136836010e+00 -5.464101615136836898e+00 -5.464101615136835122e+00 -5.464101615136835122e+00 -5.464101615136832457e+00 -5.464101615136832457e+00 -5.464101615136833345e+00 -5.464101615136831569e+00 -5.464101615136830681e+00 -5.464101615136828904e+00 -5.464101615136828904e+00 -5.464101615136828016e+00 -5.464101615136824464e+00 -5.464101615136825352e+00 -5.464101615136824464e+00 -5.464101615136823575e+00 -5.464101615136820911e+00 -5.464101615136822687e+00 -5.464101615136817358e+00 -5.464101615136817358e+00 -5.464101615136816470e+00 -5.464101615136816470e+00 -5.464101615136814694e+00 -5.464101615136814694e+00 -5.464101615136814694e+00 -5.464101615136814694e+00 -5.464101615136812029e+00 -5.464101615136810253e+00 -5.464101615136809365e+00 -5.464101615136807588e+00 -5.464101615136807588e+00 -5.464101615136805812e+00 -5.464101615136804035e+00 -5.464101615136805812e+00 -5.464101615136803147e+00 -5.464101615136800483e+00 -5.464101615136803147e+00 -5.464101615136801371e+00 -5.464101615136799595e+00 -5.464101615136799595e+00 -5.464101615136796042e+00 -5.464101615136796042e+00 -5.464101615136797818e+00 -5.464101615136795154e+00 -5.464101615136793377e+00 -5.464101615136790713e+00 -5.464101615136791601e+00 -5.464101615136790713e+00 -5.464101615136789825e+00 -5.464101615136787160e+00 -5.464101615136787160e+00 -5.464101615136785384e+00 -5.464101615136785384e+00 -5.464101615136785384e+00 -5.464101615136785384e+00 -5.464101615136783607e+00 -5.464101615136782719e+00 -5.464101615136779166e+00 -5.464101615136780055e+00 -5.464101615136779166e+00 -5.464101615136778278e+00 -5.464101615136777390e+00 -5.464101615136777390e+00 -5.464101615136775614e+00 -5.464101615136773837e+00 -5.464101615136771173e+00 -5.464101615136769396e+00 -5.464101615136772061e+00 -5.464101615136769396e+00 -5.464101615136768508e+00 -5.464101615136764067e+00 -5.464101615136765844e+00 -5.464101615136764067e+00 -5.464101615136765844e+00 -5.464101615136763179e+00 -5.464101615136762291e+00 -5.464101615136760515e+00 -5.464101615136759627e+00 -5.464101615136761403e+00 -5.464101615136761403e+00 -5.464101615136759627e+00 -5.464101615136757850e+00 -5.464101615136756962e+00 -5.464101615136753409e+00 -5.464101615136754297e+00 -5.464101615136752521e+00 -5.464101615136750745e+00 -5.464101615136750745e+00 -5.464101615136751633e+00 -5.464101615136748080e+00 -5.464101615136744527e+00 -5.464101615136748080e+00 -5.464101615136744527e+00 -5.464101615136747192e+00 -5.464101615136746304e+00 -5.464101615136741863e+00 -5.464101615136742751e+00 -5.464101615136741863e+00 -5.464101615136740087e+00 -5.464101615136738310e+00 -5.464101615136734758e+00 -5.464101615136737422e+00 -5.464101615136733869e+00 -5.464101615136733869e+00 -5.464101615136733869e+00 -5.464101615136732093e+00 -5.464101615136732981e+00 -5.464101615136731205e+00 -5.464101615136729428e+00 -5.464101615136727652e+00 -5.464101615136727652e+00 -5.464101615136725876e+00 -5.464101615136725876e+00 -5.464101615136723211e+00 -5.464101615136722323e+00 -5.464101615136721435e+00 -5.464101615136723211e+00 -5.464101615136720547e+00 -5.464101615136718770e+00 -5.464101615136719658e+00 -5.464101615136717882e+00 -5.464101615136714329e+00 -5.464101615136713441e+00 -5.464101615136715218e+00 -5.464101615136714329e+00 -5.464101615136711665e+00 -5.464101615136709889e+00 -5.464101615136713441e+00 -5.464101615136708112e+00 -5.464101615136710777e+00 -5.464101615136709889e+00 -5.464101615136707224e+00 -5.464101615136705448e+00 -5.464101615136703671e+00 -5.464101615136701007e+00 -5.464101615136701895e+00 -5.464101615136701895e+00 -5.464101615136701895e+00 -5.464101615136698342e+00 -5.464101615136699230e+00 -5.464101615136699230e+00 -5.464101615136695678e+00 -5.464101615136694789e+00 -5.464101615136693901e+00 -5.464101615136693901e+00 -5.464101615136694789e+00 -5.464101615136689460e+00 -5.464101615136692125e+00 -5.464101615136693013e+00 -5.464101615136688572e+00 -5.464101615136689460e+00 -5.464101615136687684e+00 -5.464101615136685908e+00 -5.464101615136685908e+00 -5.464101615136685020e+00 -5.464101615136681467e+00 -5.464101615136682355e+00 -5.464101615136684131e+00 -5.464101615136678802e+00 -5.464101615136680579e+00 -5.464101615136677026e+00 -5.464101615136676138e+00 -5.464101615136676138e+00 -5.464101615136671697e+00 -5.464101615136677026e+00 -5.464101615136672585e+00 -5.464101615136674361e+00 -5.464101615136670809e+00 -5.464101615136668144e+00 -5.464101615136669921e+00 -5.464101615136668144e+00 -5.464101615136666368e+00 -5.464101615136669921e+00 -5.464101615136665480e+00 -5.464101615136662815e+00 -5.464101615136663703e+00 -5.464101615136659262e+00 -5.464101615136659262e+00 -5.464101615136660151e+00 -5.464101615136660151e+00 -5.464101615136657486e+00 -5.464101615136657486e+00 -5.464101615136656598e+00 -5.464101615136654821e+00 -5.464101615136653933e+00 -5.464101615136651269e+00 -5.464101615136651269e+00 -5.464101615136653045e+00 -5.464101615136652157e+00 -5.464101615136649492e+00 -5.464101615136646828e+00 -5.464101615136645052e+00 -5.464101615136647716e+00 -5.464101615136642387e+00 -5.464101615136642387e+00 -5.464101615136643275e+00 -5.464101615136640611e+00 -5.464101615136639722e+00 -5.464101615136641499e+00 -5.464101615136637946e+00 -5.464101615136639722e+00 -5.464101615136636170e+00 -5.464101615136635282e+00 -5.464101615136634393e+00 -5.464101615136634393e+00 -5.464101615136634393e+00 -5.464101615136632617e+00 -5.464101615136629952e+00 -5.464101615136629064e+00 -5.464101615136629064e+00 -5.464101615136629952e+00 -5.464101615136625512e+00 -5.464101615136627288e+00 -5.464101615136623735e+00 -5.464101615136626400e+00 -5.464101615136621959e+00 -5.464101615136622847e+00 -5.464101615136621959e+00 -5.464101615136621959e+00 -5.464101615136621071e+00 -5.464101615136616630e+00 -5.464101615136617518e+00 -5.464101615136616630e+00 -5.464101615136615742e+00 -5.464101615136613965e+00 -5.464101615136615742e+00 -5.464101615136613077e+00 -5.464101615136613077e+00 -5.464101615136612189e+00 -5.464101615136610413e+00 -5.464101615136608636e+00 -5.464101615136607748e+00 -5.464101615136606860e+00 -5.464101615136606860e+00 -5.464101615136604195e+00 -5.464101615136605083e+00 -5.464101615136604195e+00 -5.464101615136599754e+00 -5.464101615136601531e+00 -5.464101615136599754e+00 -5.464101615136598866e+00 -5.464101615136597090e+00 -5.464101615136597090e+00 -5.464101615136592649e+00 -5.464101615136592649e+00 -5.464101615136592649e+00 -5.464101615136592649e+00 -5.464101615136591761e+00 -5.464101615136591761e+00 -5.464101615136589984e+00 -5.464101615136590873e+00 -5.464101615136586432e+00 -5.464101615136586432e+00 -5.464101615136586432e+00 -5.464101615136584655e+00 -5.464101615136583767e+00 -5.464101615136581991e+00 -5.464101615136580214e+00 -5.464101615136581991e+00 -5.464101615136580214e+00 -5.464101615136578438e+00 -5.464101615136576662e+00 -5.464101615136578438e+00 -5.464101615136577550e+00 -5.464101615136574885e+00 -5.464101615136573997e+00 -5.464101615136573109e+00 -5.464101615136573997e+00 -5.464101615136572221e+00 -5.464101615136570445e+00 -5.464101615136569556e+00 -5.464101615136567780e+00 -5.464101615136568668e+00 -5.464101615136564227e+00 -5.464101615136565115e+00 -5.464101615136565115e+00 -5.464101615136561563e+00 -5.464101615136562451e+00 -5.464101615136561563e+00 -5.464101615136558010e+00
