# Sat Jul 10 12:45:09 2021
# Spin blind formalism, bias turned off, lead sites decoupled
# Inputs:
# - Num. leads = (3, 3)
# - Num. impurity sites = 1
# - nelecs = (7, 0)
# - V_leads = 1.0
# - V_imp_leads = 1.0
# - V_bias = -0.005
# - mu = 0.0
# - V_gate = 0.0
# - U = 0.0
0.000000000000000000e+00 1.000000000000000021e-02 2.000000000000000042e-02 2.999999999999999889e-02 4.000000000000000083e-02 5.000000000000000278e-02 5.999999999999999778e-02 7.000000000000000666e-02 8.000000000000000167e-02 8.999999999999999667e-02 1.000000000000000056e-01 1.100000000000000006e-01 1.199999999999999956e-01 1.300000000000000044e-01 1.400000000000000133e-01 1.499999999999999944e-01 1.600000000000000033e-01 1.700000000000000122e-01 1.799999999999999933e-01 1.900000000000000022e-01 2.000000000000000111e-01 2.099999999999999922e-01 2.200000000000000011e-01 2.300000000000000100e-01 2.399999999999999911e-01 2.500000000000000000e-01 2.600000000000000089e-01 2.700000000000000178e-01 2.800000000000000266e-01 2.899999999999999800e-01 2.999999999999999889e-01 3.099999999999999978e-01 3.200000000000000067e-01 3.300000000000000155e-01 3.400000000000000244e-01 3.500000000000000333e-01 3.599999999999999867e-01 3.699999999999999956e-01 3.800000000000000044e-01 3.900000000000000133e-01 4.000000000000000222e-01 4.100000000000000311e-01 4.199999999999999845e-01 4.299999999999999933e-01 4.400000000000000022e-01 4.500000000000000111e-01 4.600000000000000200e-01 4.700000000000000289e-01 4.799999999999999822e-01 4.899999999999999911e-01 5.000000000000000000e-01 5.100000000000000089e-01 5.200000000000000178e-01 5.300000000000000266e-01 5.400000000000000355e-01 5.500000000000000444e-01 5.600000000000000533e-01 5.700000000000000622e-01 5.799999999999999600e-01 5.899999999999999689e-01 5.999999999999999778e-01 6.099999999999999867e-01 6.199999999999999956e-01 6.300000000000000044e-01 6.400000000000000133e-01 6.500000000000000222e-01 6.600000000000000311e-01 6.700000000000000400e-01 6.800000000000000488e-01 6.900000000000000577e-01 7.000000000000000666e-01 7.099999999999999645e-01 7.199999999999999734e-01 7.299999999999999822e-01 7.399999999999999911e-01 7.500000000000000000e-01 7.600000000000000089e-01 7.700000000000000178e-01 7.800000000000000266e-01 7.900000000000000355e-01 8.000000000000000444e-01 8.100000000000000533e-01 8.200000000000000622e-01 8.300000000000000711e-01 8.399999999999999689e-01 8.499999999999999778e-01 8.599999999999999867e-01 8.699999999999999956e-01 8.800000000000000044e-01 8.900000000000000133e-01 9.000000000000000222e-01 9.100000000000000311e-01 9.200000000000000400e-01 9.300000000000000488e-01 9.400000000000000577e-01 9.500000000000000666e-01 9.599999999999999645e-01 9.699999999999999734e-01 9.799999999999999822e-01 9.899999999999999911e-01 1.000000000000000000e+00 1.010000000000000009e+00 1.020000000000000018e+00 1.030000000000000027e+00 1.040000000000000036e+00 1.050000000000000044e+00 1.060000000000000053e+00 1.070000000000000062e+00 1.080000000000000071e+00 1.090000000000000080e+00 1.100000000000000089e+00 1.110000000000000098e+00 1.120000000000000107e+00 1.130000000000000115e+00 1.140000000000000124e+00 1.150000000000000133e+00 1.159999999999999920e+00 1.169999999999999929e+00 1.179999999999999938e+00 1.189999999999999947e+00 1.199999999999999956e+00 1.209999999999999964e+00 1.219999999999999973e+00 1.229999999999999982e+00 1.239999999999999991e+00 1.250000000000000000e+00 1.260000000000000009e+00 1.270000000000000018e+00 1.280000000000000027e+00 1.290000000000000036e+00 1.300000000000000044e+00 1.310000000000000053e+00 1.320000000000000062e+00 1.330000000000000071e+00 1.340000000000000080e+00 1.350000000000000089e+00 1.360000000000000098e+00 1.370000000000000107e+00 1.380000000000000115e+00 1.390000000000000124e+00 1.400000000000000133e+00 1.409999999999999920e+00 1.419999999999999929e+00 1.429999999999999938e+00 1.439999999999999947e+00 1.449999999999999956e+00 1.459999999999999964e+00 1.469999999999999973e+00 1.479999999999999982e+00 1.489999999999999991e+00 1.500000000000000000e+00 1.510000000000000009e+00 1.520000000000000018e+00 1.530000000000000027e+00 1.540000000000000036e+00 1.550000000000000044e+00 1.560000000000000053e+00 1.570000000000000062e+00 1.580000000000000071e+00 1.590000000000000080e+00 1.600000000000000089e+00 1.610000000000000098e+00 1.620000000000000107e+00 1.630000000000000115e+00 1.640000000000000124e+00 1.650000000000000133e+00 1.660000000000000142e+00 1.669999999999999929e+00 1.679999999999999938e+00 1.689999999999999947e+00 1.699999999999999956e+00 1.709999999999999964e+00 1.719999999999999973e+00 1.729999999999999982e+00 1.739999999999999991e+00 1.750000000000000000e+00 1.760000000000000009e+00 1.770000000000000018e+00 1.780000000000000027e+00 1.790000000000000036e+00 1.800000000000000044e+00 1.810000000000000053e+00 1.820000000000000062e+00 1.830000000000000071e+00 1.840000000000000080e+00 1.850000000000000089e+00 1.860000000000000098e+00 1.870000000000000107e+00 1.880000000000000115e+00 1.890000000000000124e+00 1.900000000000000133e+00 1.910000000000000142e+00 1.919999999999999929e+00 1.929999999999999938e+00 1.939999999999999947e+00 1.949999999999999956e+00 1.959999999999999964e+00 1.969999999999999973e+00 1.979999999999999982e+00 1.989999999999999991e+00 2.000000000000000000e+00 2.010000000000000231e+00 2.020000000000000018e+00 2.030000000000000249e+00 2.040000000000000036e+00 2.049999999999999822e+00 2.060000000000000053e+00 2.069999999999999840e+00 2.080000000000000071e+00 2.089999999999999858e+00 2.100000000000000089e+00 2.109999999999999876e+00 2.120000000000000107e+00 2.129999999999999893e+00 2.140000000000000124e+00 2.149999999999999911e+00 2.160000000000000142e+00 2.169999999999999929e+00 2.180000000000000160e+00 2.189999999999999947e+00 2.200000000000000178e+00 2.209999999999999964e+00 2.220000000000000195e+00 2.229999999999999982e+00 2.240000000000000213e+00 2.250000000000000000e+00 2.260000000000000231e+00 2.270000000000000018e+00 2.280000000000000249e+00 2.290000000000000036e+00 2.300000000000000266e+00 2.310000000000000053e+00 2.319999999999999840e+00 2.330000000000000071e+00 2.339999999999999858e+00 2.350000000000000089e+00 2.359999999999999876e+00 2.370000000000000107e+00 2.379999999999999893e+00 2.390000000000000124e+00 2.399999999999999911e+00 2.410000000000000142e+00 2.419999999999999929e+00 2.430000000000000160e+00 2.439999999999999947e+00 2.450000000000000178e+00 2.459999999999999964e+00 2.470000000000000195e+00 2.479999999999999982e+00 2.490000000000000213e+00 2.500000000000000000e+00 2.510000000000000231e+00 2.520000000000000018e+00 2.530000000000000249e+00 2.540000000000000036e+00 2.550000000000000266e+00 2.560000000000000053e+00 2.569999999999999840e+00 2.580000000000000071e+00 2.589999999999999858e+00 2.600000000000000089e+00 2.609999999999999876e+00 2.620000000000000107e+00 2.629999999999999893e+00 2.640000000000000124e+00 2.649999999999999911e+00 2.660000000000000142e+00 2.669999999999999929e+00 2.680000000000000160e+00 2.689999999999999947e+00 2.700000000000000178e+00 2.709999999999999964e+00 2.720000000000000195e+00 2.729999999999999982e+00 2.740000000000000213e+00 2.750000000000000000e+00 2.760000000000000231e+00 2.770000000000000018e+00 2.780000000000000249e+00 2.790000000000000036e+00 2.800000000000000266e+00 2.810000000000000053e+00 2.819999999999999840e+00 2.830000000000000071e+00 2.839999999999999858e+00 2.850000000000000089e+00 2.859999999999999876e+00 2.870000000000000107e+00 2.879999999999999893e+00 2.890000000000000124e+00 2.899999999999999911e+00 2.910000000000000142e+00 2.919999999999999929e+00 2.930000000000000160e+00 2.939999999999999947e+00 2.950000000000000178e+00 2.959999999999999964e+00 2.970000000000000195e+00 2.979999999999999982e+00 2.990000000000000213e+00 3.000000000000000000e+00 3.010000000000000231e+00 3.020000000000000018e+00 3.030000000000000249e+00 3.040000000000000036e+00 3.050000000000000266e+00 3.060000000000000053e+00 3.070000000000000284e+00 3.080000000000000071e+00 3.089999999999999858e+00 3.100000000000000089e+00 3.109999999999999876e+00 3.120000000000000107e+00 3.129999999999999893e+00 3.140000000000000124e+00 3.149999999999999911e+00 3.160000000000000142e+00 3.169999999999999929e+00 3.180000000000000160e+00 3.189999999999999947e+00 3.200000000000000178e+00 3.209999999999999964e+00 3.220000000000000195e+00 3.229999999999999982e+00 3.240000000000000213e+00 3.250000000000000000e+00 3.260000000000000231e+00 3.270000000000000018e+00 3.280000000000000249e+00 3.290000000000000036e+00 3.300000000000000266e+00 3.310000000000000053e+00 3.320000000000000284e+00 3.330000000000000071e+00 3.339999999999999858e+00 3.350000000000000089e+00 3.359999999999999876e+00 3.370000000000000107e+00 3.379999999999999893e+00 3.390000000000000124e+00 3.399999999999999911e+00 3.410000000000000142e+00 3.419999999999999929e+00 3.430000000000000160e+00 3.439999999999999947e+00 3.450000000000000178e+00 3.459999999999999964e+00 3.470000000000000195e+00 3.479999999999999982e+00 3.490000000000000213e+00 3.500000000000000000e+00 3.510000000000000231e+00 3.520000000000000018e+00 3.530000000000000249e+00 3.540000000000000036e+00 3.550000000000000266e+00 3.560000000000000053e+00 3.570000000000000284e+00 3.580000000000000071e+00 3.589999999999999858e+00 3.600000000000000089e+00 3.609999999999999876e+00 3.620000000000000107e+00 3.629999999999999893e+00 3.640000000000000124e+00 3.649999999999999911e+00 3.660000000000000142e+00 3.669999999999999929e+00 3.680000000000000160e+00 3.689999999999999947e+00 3.700000000000000178e+00 3.709999999999999964e+00 3.720000000000000195e+00 3.729999999999999982e+00 3.740000000000000213e+00 3.750000000000000000e+00 3.760000000000000231e+00 3.770000000000000018e+00 3.780000000000000249e+00 3.790000000000000036e+00 3.800000000000000266e+00 3.810000000000000053e+00 3.820000000000000284e+00 3.830000000000000071e+00 3.839999999999999858e+00 3.850000000000000089e+00 3.859999999999999876e+00 3.870000000000000107e+00 3.879999999999999893e+00 3.890000000000000124e+00 3.899999999999999911e+00 3.910000000000000142e+00 3.919999999999999929e+00 3.930000000000000160e+00 3.939999999999999947e+00 3.950000000000000178e+00 3.959999999999999964e+00 3.970000000000000195e+00 3.979999999999999982e+00 3.990000000000000213e+00 4.000000000000000000e+00 4.009999999999999787e+00 4.020000000000000462e+00 4.030000000000000249e+00 4.040000000000000036e+00 4.049999999999999822e+00 4.060000000000000497e+00 4.070000000000000284e+00 4.080000000000000071e+00 4.089999999999999858e+00 4.099999999999999645e+00 4.110000000000000320e+00 4.120000000000000107e+00 4.129999999999999893e+00 4.139999999999999680e+00 4.150000000000000355e+00 4.160000000000000142e+00 4.169999999999999929e+00 4.179999999999999716e+00 4.190000000000000391e+00 4.200000000000000178e+00 4.209999999999999964e+00 4.219999999999999751e+00 4.230000000000000426e+00 4.240000000000000213e+00 4.250000000000000000e+00 4.259999999999999787e+00 4.270000000000000462e+00 4.280000000000000249e+00 4.290000000000000036e+00 4.299999999999999822e+00 4.310000000000000497e+00 4.320000000000000284e+00 4.330000000000000071e+00 4.339999999999999858e+00 4.350000000000000533e+00 4.360000000000000320e+00 4.370000000000000107e+00 4.379999999999999893e+00 4.389999999999999680e+00 4.400000000000000355e+00 4.410000000000000142e+00 4.419999999999999929e+00 4.429999999999999716e+00 4.440000000000000391e+00 4.450000000000000178e+00 4.459999999999999964e+00 4.469999999999999751e+00 4.480000000000000426e+00 4.490000000000000213e+00 4.500000000000000000e+00 4.509999999999999787e+00 4.520000000000000462e+00 4.530000000000000249e+00 4.540000000000000036e+00 4.549999999999999822e+00 4.560000000000000497e+00 4.570000000000000284e+00 4.580000000000000071e+00 4.589999999999999858e+00 4.600000000000000533e+00 4.610000000000000320e+00 4.620000000000000107e+00 4.629999999999999893e+00 4.639999999999999680e+00 4.650000000000000355e+00 4.660000000000000142e+00 4.669999999999999929e+00 4.679999999999999716e+00 4.690000000000000391e+00 4.700000000000000178e+00 4.709999999999999964e+00 4.719999999999999751e+00 4.730000000000000426e+00 4.740000000000000213e+00 4.750000000000000000e+00 4.759999999999999787e+00 4.770000000000000462e+00 4.780000000000000249e+00 4.790000000000000036e+00 4.799999999999999822e+00 4.810000000000000497e+00 4.820000000000000284e+00 4.830000000000000071e+00 4.839999999999999858e+00 4.850000000000000533e+00 4.860000000000000320e+00 4.870000000000000107e+00 4.879999999999999893e+00 4.889999999999999680e+00 4.900000000000000355e+00 4.910000000000000142e+00 4.919999999999999929e+00 4.929999999999999716e+00 4.940000000000000391e+00 4.950000000000000178e+00 4.959999999999999964e+00 4.969999999999999751e+00 4.980000000000000426e+00 4.990000000000000213e+00 5.000000000000000000e+00 5.009999999999999787e+00 5.020000000000000462e+00 5.030000000000000249e+00 5.040000000000000036e+00 5.049999999999999822e+00 5.060000000000000497e+00 5.070000000000000284e+00 5.080000000000000071e+00 5.089999999999999858e+00 5.100000000000000533e+00 5.110000000000000320e+00 5.120000000000000107e+00 5.129999999999999893e+00 5.139999999999999680e+00 5.150000000000000355e+00 5.160000000000000142e+00 5.169999999999999929e+00 5.179999999999999716e+00 5.190000000000000391e+00 5.200000000000000178e+00 5.209999999999999964e+00 5.219999999999999751e+00 5.230000000000000426e+00 5.240000000000000213e+00 5.250000000000000000e+00 5.259999999999999787e+00 5.270000000000000462e+00 5.280000000000000249e+00 5.290000000000000036e+00 5.299999999999999822e+00 5.310000000000000497e+00 5.320000000000000284e+00 5.330000000000000071e+00 5.339999999999999858e+00 5.350000000000000533e+00 5.360000000000000320e+00 5.370000000000000107e+00 5.379999999999999893e+00 5.389999999999999680e+00 5.400000000000000355e+00 5.410000000000000142e+00 5.419999999999999929e+00 5.429999999999999716e+00 5.440000000000000391e+00 5.450000000000000178e+00 5.459999999999999964e+00 5.469999999999999751e+00 5.480000000000000426e+00 5.490000000000000213e+00 5.500000000000000000e+00 5.509999999999999787e+00 5.520000000000000462e+00 5.530000000000000249e+00 5.540000000000000036e+00 5.549999999999999822e+00 5.560000000000000497e+00 5.570000000000000284e+00 5.580000000000000071e+00 5.589999999999999858e+00 5.600000000000000533e+00 5.610000000000000320e+00 5.620000000000000107e+00 5.629999999999999893e+00 5.639999999999999680e+00 5.650000000000000355e+00 5.660000000000000142e+00 5.669999999999999929e+00 5.679999999999999716e+00 5.690000000000000391e+00 5.700000000000000178e+00 5.709999999999999964e+00 5.719999999999999751e+00 5.730000000000000426e+00 5.740000000000000213e+00 5.750000000000000000e+00 5.759999999999999787e+00 5.770000000000000462e+00 5.780000000000000249e+00 5.790000000000000036e+00 5.799999999999999822e+00 5.810000000000000497e+00 5.820000000000000284e+00 5.830000000000000071e+00 5.839999999999999858e+00 5.850000000000000533e+00 5.860000000000000320e+00 5.870000000000000107e+00 5.879999999999999893e+00 5.889999999999999680e+00 5.900000000000000355e+00 5.910000000000000142e+00 5.919999999999999929e+00 5.929999999999999716e+00 5.940000000000000391e+00 5.950000000000000178e+00 5.959999999999999964e+00 5.969999999999999751e+00 5.980000000000000426e+00 5.990000000000000213e+00 6.000000000000000000e+00 6.009999999999999787e+00 6.020000000000000462e+00 6.030000000000000249e+00 6.040000000000000036e+00 6.049999999999999822e+00 6.060000000000000497e+00 6.070000000000000284e+00 6.080000000000000071e+00 6.089999999999999858e+00 6.100000000000000533e+00 6.110000000000000320e+00 6.120000000000000107e+00 6.129999999999999893e+00 6.140000000000000568e+00 6.150000000000000355e+00 6.160000000000000142e+00 6.169999999999999929e+00 6.179999999999999716e+00 6.190000000000000391e+00 6.200000000000000178e+00 6.209999999999999964e+00 6.219999999999999751e+00 6.230000000000000426e+00 6.240000000000000213e+00 6.250000000000000000e+00 6.259999999999999787e+00 6.270000000000000462e+00 6.280000000000000249e+00 6.290000000000000036e+00 6.299999999999999822e+00 6.310000000000000497e+00 6.320000000000000284e+00 6.330000000000000071e+00 6.339999999999999858e+00 6.350000000000000533e+00 6.360000000000000320e+00 6.370000000000000107e+00 6.379999999999999893e+00 6.390000000000000568e+00 6.400000000000000355e+00 6.410000000000000142e+00 6.419999999999999929e+00 6.429999999999999716e+00 6.440000000000000391e+00 6.450000000000000178e+00 6.459999999999999964e+00 6.469999999999999751e+00 6.480000000000000426e+00 6.490000000000000213e+00 6.500000000000000000e+00 6.509999999999999787e+00 6.520000000000000462e+00 6.530000000000000249e+00 6.540000000000000036e+00 6.549999999999999822e+00 6.560000000000000497e+00 6.570000000000000284e+00 6.580000000000000071e+00 6.589999999999999858e+00 6.600000000000000533e+00 6.610000000000000320e+00 6.620000000000000107e+00 6.629999999999999893e+00 6.640000000000000568e+00 6.650000000000000355e+00 6.660000000000000142e+00 6.669999999999999929e+00 6.679999999999999716e+00 6.690000000000000391e+00 6.700000000000000178e+00 6.709999999999999964e+00 6.719999999999999751e+00 6.730000000000000426e+00 6.740000000000000213e+00 6.750000000000000000e+00 6.759999999999999787e+00 6.770000000000000462e+00 6.780000000000000249e+00 6.790000000000000036e+00 6.799999999999999822e+00 6.810000000000000497e+00 6.820000000000000284e+00 6.830000000000000071e+00 6.839999999999999858e+00 6.850000000000000533e+00 6.860000000000000320e+00 6.870000000000000107e+00 6.879999999999999893e+00 6.890000000000000568e+00 6.900000000000000355e+00 6.910000000000000142e+00 6.919999999999999929e+00 6.929999999999999716e+00 6.940000000000000391e+00 6.950000000000000178e+00 6.959999999999999964e+00 6.969999999999999751e+00 6.980000000000000426e+00 6.990000000000000213e+00 7.000000000000000000e+00 7.009999999999999787e+00 7.020000000000000462e+00 7.030000000000000249e+00 7.040000000000000036e+00 7.049999999999999822e+00 7.060000000000000497e+00 7.070000000000000284e+00 7.080000000000000071e+00 7.089999999999999858e+00 7.100000000000000533e+00 7.110000000000000320e+00 7.120000000000000107e+00 7.129999999999999893e+00 7.140000000000000568e+00 7.150000000000000355e+00 7.160000000000000142e+00 7.169999999999999929e+00 7.179999999999999716e+00 7.190000000000000391e+00 7.200000000000000178e+00 7.209999999999999964e+00 7.219999999999999751e+00 7.230000000000000426e+00 7.240000000000000213e+00 7.250000000000000000e+00 7.259999999999999787e+00 7.270000000000000462e+00 7.280000000000000249e+00 7.290000000000000036e+00 7.299999999999999822e+00 7.310000000000000497e+00 7.320000000000000284e+00 7.330000000000000071e+00 7.339999999999999858e+00 7.350000000000000533e+00 7.360000000000000320e+00 7.370000000000000107e+00 7.379999999999999893e+00 7.390000000000000568e+00 7.400000000000000355e+00 7.410000000000000142e+00 7.419999999999999929e+00 7.429999999999999716e+00 7.440000000000000391e+00 7.450000000000000178e+00 7.459999999999999964e+00 7.469999999999999751e+00 7.480000000000000426e+00 7.490000000000000213e+00 7.500000000000000000e+00 7.509999999999999787e+00 7.520000000000000462e+00 7.530000000000000249e+00 7.540000000000000036e+00 7.549999999999999822e+00 7.560000000000000497e+00 7.570000000000000284e+00 7.580000000000000071e+00 7.589999999999999858e+00 7.600000000000000533e+00 7.610000000000000320e+00 7.620000000000000107e+00 7.629999999999999893e+00 7.640000000000000568e+00 7.650000000000000355e+00 7.660000000000000142e+00 7.669999999999999929e+00 7.679999999999999716e+00 7.690000000000000391e+00 7.700000000000000178e+00 7.709999999999999964e+00 7.719999999999999751e+00 7.730000000000000426e+00 7.740000000000000213e+00 7.750000000000000000e+00 7.759999999999999787e+00 7.770000000000000462e+00 7.780000000000000249e+00 7.790000000000000036e+00 7.799999999999999822e+00 7.810000000000000497e+00 7.820000000000000284e+00 7.830000000000000071e+00 7.839999999999999858e+00 7.850000000000000533e+00 7.860000000000000320e+00 7.870000000000000107e+00 7.879999999999999893e+00 7.890000000000000568e+00 7.900000000000000355e+00 7.910000000000000142e+00 7.919999999999999929e+00 7.930000000000000604e+00 7.940000000000000391e+00 7.950000000000000178e+00 7.959999999999999964e+00 7.969999999999999751e+00 7.980000000000000426e+00 7.990000000000000213e+00 8.000000000000000000e+00 8.009999999999999787e+00 8.019999999999999574e+00 8.029999999999999361e+00 8.040000000000000924e+00 8.050000000000000711e+00 8.060000000000000497e+00 8.070000000000000284e+00 8.080000000000000071e+00 8.089999999999999858e+00 8.099999999999999645e+00 8.109999999999999432e+00 8.120000000000000995e+00 8.130000000000000782e+00 8.140000000000000568e+00 8.150000000000000355e+00 8.160000000000000142e+00 8.169999999999999929e+00 8.179999999999999716e+00 8.189999999999999503e+00 8.199999999999999289e+00 8.210000000000000853e+00 8.220000000000000639e+00 8.230000000000000426e+00 8.240000000000000213e+00 8.250000000000000000e+00 8.259999999999999787e+00 8.269999999999999574e+00 8.279999999999999361e+00 8.290000000000000924e+00 8.300000000000000711e+00 8.310000000000000497e+00 8.320000000000000284e+00 8.330000000000000071e+00 8.339999999999999858e+00 8.349999999999999645e+00 8.359999999999999432e+00 8.370000000000000995e+00 8.380000000000000782e+00 8.390000000000000568e+00 8.400000000000000355e+00 8.410000000000000142e+00 8.419999999999999929e+00 8.429999999999999716e+00 8.439999999999999503e+00 8.449999999999999289e+00 8.460000000000000853e+00 8.470000000000000639e+00 8.480000000000000426e+00 8.490000000000000213e+00 8.500000000000000000e+00 8.509999999999999787e+00 8.519999999999999574e+00 8.529999999999999361e+00 8.540000000000000924e+00 8.550000000000000711e+00 8.560000000000000497e+00 8.570000000000000284e+00 8.580000000000000071e+00 8.589999999999999858e+00 8.599999999999999645e+00 8.609999999999999432e+00 8.620000000000000995e+00 8.630000000000000782e+00 8.640000000000000568e+00 8.650000000000000355e+00 8.660000000000000142e+00 8.669999999999999929e+00 8.679999999999999716e+00 8.689999999999999503e+00 8.700000000000001066e+00 8.710000000000000853e+00 8.720000000000000639e+00 8.730000000000000426e+00 8.740000000000000213e+00 8.750000000000000000e+00 8.759999999999999787e+00 8.769999999999999574e+00 8.779999999999999361e+00 8.790000000000000924e+00 8.800000000000000711e+00 8.810000000000000497e+00 8.820000000000000284e+00 8.830000000000000071e+00 8.839999999999999858e+00 8.849999999999999645e+00 8.859999999999999432e+00 8.870000000000000995e+00 8.880000000000000782e+00 8.890000000000000568e+00 8.900000000000000355e+00 8.910000000000000142e+00 8.919999999999999929e+00 8.929999999999999716e+00 8.939999999999999503e+00 8.950000000000001066e+00 8.960000000000000853e+00 8.970000000000000639e+00 8.980000000000000426e+00 8.990000000000000213e+00 9.000000000000000000e+00 9.009999999999999787e+00 9.019999999999999574e+00 9.029999999999999361e+00 9.040000000000000924e+00 9.050000000000000711e+00 9.060000000000000497e+00 9.070000000000000284e+00 9.080000000000000071e+00 9.089999999999999858e+00 9.099999999999999645e+00 9.109999999999999432e+00 9.120000000000000995e+00 9.130000000000000782e+00 9.140000000000000568e+00 9.150000000000000355e+00 9.160000000000000142e+00 9.169999999999999929e+00 9.179999999999999716e+00 9.189999999999999503e+00 9.200000000000001066e+00 9.210000000000000853e+00 9.220000000000000639e+00 9.230000000000000426e+00 9.240000000000000213e+00 9.250000000000000000e+00 9.259999999999999787e+00 9.269999999999999574e+00 9.279999999999999361e+00 9.290000000000000924e+00 9.300000000000000711e+00 9.310000000000000497e+00 9.320000000000000284e+00 9.330000000000000071e+00 9.339999999999999858e+00 9.349999999999999645e+00 9.359999999999999432e+00 9.370000000000000995e+00 9.380000000000000782e+00 9.390000000000000568e+00 9.400000000000000355e+00 9.410000000000000142e+00 9.419999999999999929e+00 9.429999999999999716e+00 9.439999999999999503e+00 9.450000000000001066e+00 9.460000000000000853e+00 9.470000000000000639e+00 9.480000000000000426e+00 9.490000000000000213e+00 9.500000000000000000e+00 9.509999999999999787e+00 9.519999999999999574e+00 9.529999999999999361e+00 9.540000000000000924e+00 9.550000000000000711e+00 9.560000000000000497e+00 9.570000000000000284e+00 9.580000000000000071e+00 9.589999999999999858e+00 9.599999999999999645e+00 9.609999999999999432e+00 9.620000000000000995e+00 9.630000000000000782e+00 9.640000000000000568e+00 9.650000000000000355e+00 9.660000000000000142e+00 9.669999999999999929e+00 9.679999999999999716e+00 9.689999999999999503e+00 9.700000000000001066e+00 9.710000000000000853e+00 9.720000000000000639e+00 9.730000000000000426e+00 9.740000000000000213e+00 9.750000000000000000e+00 9.759999999999999787e+00 9.769999999999999574e+00 9.779999999999999361e+00 9.790000000000000924e+00 9.800000000000000711e+00 9.810000000000000497e+00 9.820000000000000284e+00 9.830000000000000071e+00 9.839999999999999858e+00 9.849999999999999645e+00 9.859999999999999432e+00 9.870000000000000995e+00 9.880000000000000782e+00 9.890000000000000568e+00 9.900000000000000355e+00 9.910000000000000142e+00 9.919999999999999929e+00 9.929999999999999716e+00 9.939999999999999503e+00 9.950000000000001066e+00 9.960000000000000853e+00 9.970000000000000639e+00 9.980000000000000426e+00 9.990000000000000213e+00 1.000000000000000000e+01 1.000999999999999979e+01 1.001999999999999957e+01 1.002999999999999936e+01 1.004000000000000092e+01 1.005000000000000071e+01 1.006000000000000050e+01 1.007000000000000028e+01 1.008000000000000007e+01 1.008999999999999986e+01 1.009999999999999964e+01 1.010999999999999943e+01 1.012000000000000099e+01 1.013000000000000078e+01 1.014000000000000057e+01 1.015000000000000036e+01 1.016000000000000014e+01 1.016999999999999993e+01 1.017999999999999972e+01 1.018999999999999950e+01 1.020000000000000107e+01 1.021000000000000085e+01 1.022000000000000064e+01 1.023000000000000043e+01 1.024000000000000021e+01 1.025000000000000000e+01 1.025999999999999979e+01 1.026999999999999957e+01 1.027999999999999936e+01 1.029000000000000092e+01 1.030000000000000071e+01 1.031000000000000050e+01 1.032000000000000028e+01 1.033000000000000007e+01 1.033999999999999986e+01 1.034999999999999964e+01 1.035999999999999943e+01 1.037000000000000099e+01 1.038000000000000078e+01 1.039000000000000057e+01 1.040000000000000036e+01 1.041000000000000014e+01 1.041999999999999993e+01 1.042999999999999972e+01 1.043999999999999950e+01 1.045000000000000107e+01 1.046000000000000085e+01 1.047000000000000064e+01 1.048000000000000043e+01 1.049000000000000021e+01 1.050000000000000000e+01 1.050999999999999979e+01 1.051999999999999957e+01 1.052999999999999936e+01 1.054000000000000092e+01 1.055000000000000071e+01 1.056000000000000050e+01 1.057000000000000028e+01 1.058000000000000007e+01 1.058999999999999986e+01 1.059999999999999964e+01 1.060999999999999943e+01 1.062000000000000099e+01 1.063000000000000078e+01 1.064000000000000057e+01 1.065000000000000036e+01 1.066000000000000014e+01 1.066999999999999993e+01 1.067999999999999972e+01 1.068999999999999950e+01 1.070000000000000107e+01 1.071000000000000085e+01 1.072000000000000064e+01 1.073000000000000043e+01 1.074000000000000021e+01 1.075000000000000000e+01 1.075999999999999979e+01 1.076999999999999957e+01 1.077999999999999936e+01 1.079000000000000092e+01 1.080000000000000071e+01 1.081000000000000050e+01 1.082000000000000028e+01 1.083000000000000007e+01 1.083999999999999986e+01 1.084999999999999964e+01 1.085999999999999943e+01 1.087000000000000099e+01 1.088000000000000078e+01 1.089000000000000057e+01 1.090000000000000036e+01 1.091000000000000014e+01 1.091999999999999993e+01 1.092999999999999972e+01 1.093999999999999950e+01 1.095000000000000107e+01 1.096000000000000085e+01 1.097000000000000064e+01 1.098000000000000043e+01 1.099000000000000021e+01 1.100000000000000000e+01 1.100999999999999979e+01 1.101999999999999957e+01 1.102999999999999936e+01 1.104000000000000092e+01 1.105000000000000071e+01 1.106000000000000050e+01 1.107000000000000028e+01 1.108000000000000007e+01 1.108999999999999986e+01 1.109999999999999964e+01 1.110999999999999943e+01 1.112000000000000099e+01 1.113000000000000078e+01 1.114000000000000057e+01 1.115000000000000036e+01 1.116000000000000014e+01 1.116999999999999993e+01 1.117999999999999972e+01 1.118999999999999950e+01 1.120000000000000107e+01 1.121000000000000085e+01 1.122000000000000064e+01 1.123000000000000043e+01 1.124000000000000021e+01 1.125000000000000000e+01 1.125999999999999979e+01 1.126999999999999957e+01 1.127999999999999936e+01 1.129000000000000092e+01 1.130000000000000071e+01 1.131000000000000050e+01 1.132000000000000028e+01 1.133000000000000007e+01 1.133999999999999986e+01 1.134999999999999964e+01 1.135999999999999943e+01 1.137000000000000099e+01 1.138000000000000078e+01 1.139000000000000057e+01 1.140000000000000036e+01 1.141000000000000014e+01 1.141999999999999993e+01 1.142999999999999972e+01 1.143999999999999950e+01 1.145000000000000107e+01 1.146000000000000085e+01 1.147000000000000064e+01 1.148000000000000043e+01 1.149000000000000021e+01 1.150000000000000000e+01 1.150999999999999979e+01 1.151999999999999957e+01 1.152999999999999936e+01 1.154000000000000092e+01 1.155000000000000071e+01 1.156000000000000050e+01 1.157000000000000028e+01 1.158000000000000007e+01 1.158999999999999986e+01 1.159999999999999964e+01 1.160999999999999943e+01 1.162000000000000099e+01 1.163000000000000078e+01 1.164000000000000057e+01 1.165000000000000036e+01 1.166000000000000014e+01 1.166999999999999993e+01 1.167999999999999972e+01 1.168999999999999950e+01 1.170000000000000107e+01 1.171000000000000085e+01 1.172000000000000064e+01 1.173000000000000043e+01 1.174000000000000021e+01 1.175000000000000000e+01 1.175999999999999979e+01 1.176999999999999957e+01 1.177999999999999936e+01 1.179000000000000092e+01 1.180000000000000071e+01 1.181000000000000050e+01 1.182000000000000028e+01 1.183000000000000007e+01 1.183999999999999986e+01 1.184999999999999964e+01 1.185999999999999943e+01 1.187000000000000099e+01 1.188000000000000078e+01 1.189000000000000057e+01 1.190000000000000036e+01 1.191000000000000014e+01 1.191999999999999993e+01 1.192999999999999972e+01 1.193999999999999950e+01 1.195000000000000107e+01 1.196000000000000085e+01 1.197000000000000064e+01 1.198000000000000043e+01 1.199000000000000021e+01 1.200000000000000000e+01
0.000000000000000000e+00 2.052236806224990578e-02 4.103841105454757165e-02 6.154180793484056305e-02 8.202624579517832359e-02 1.024854239201404560e-01 1.229130578349071634e-01 1.433028833395371127e-01 1.636486605260260296e-01 1.839441777747419515e-01 2.041832557268487280e-01 2.243597512293529217e-01 2.444675612494376371e-01 2.645006267547742040e-01 2.844529365565368617e-01 3.043185311118805081e-01 3.240915062826790760e-01 3.437660170473689769e-01 3.633362811627831035e-01 3.827965827729047366e-01 4.021412759615374255e-01 4.213647882459159444e-01 4.404616240083674139e-01 4.594263678631700376e-01 4.782536879558252907e-01 4.969383391920323412e-01 5.154751663937108264e-01 5.338591073794866082e-01 5.520851959671412290e-01 5.701485648955801899e-01 5.880444486639720969e-01 6.057681862857794419e-01 6.233152239554770047e-01 6.406811176258497831e-01 6.578615354938502913e-01 6.748522603930544594e-01 6.916491920908833801e-01 7.082483494888184294e-01 7.246458727239455389e-01 7.408380251702478825e-01 7.568211953381730472e-01 7.725918986710832437e-01 7.881467792373095804e-01 8.034826113166178008e-01 8.185963008799989060e-01 8.334848869618013412e-01 8.481455429233076826e-01 8.625755776069888858e-01 8.767724363807464227e-01 8.907337020715617726e-01 9.044570957880908590e-01 9.179404776318244030e-01 9.311818472965546212e-01 9.441793445559882869e-01 9.569312496394487555e-01 9.694359834957101407e-01 9.816921079451298437e-01 9.936983257203199082e-01 1.005453480395724908e+00 1.016956556206566775e+00 1.028206677757723009e+00 1.039203109623200172e+00 1.049945255836965297e+00 1.060432659276016709e+00 1.070665000936634526e+00 1.080642099104894394e+00 1.090363908422591122e+00 1.099830518849823857e+00 1.109042154525591961e+00 1.117999172527846419e+00 1.126702061534506916e+00 1.135151440387079047e+00 1.143348056558572967e+00 1.151292784527493840e+00 1.158986624059802573e+00 1.166430698400781729e+00 1.173626252378839219e+00 1.180574650423369176e+00 1.187277374498835414e+00 1.193736021957348070e+00 1.199952303312043611e+00 1.205928039933675144e+00 1.211665161672853319e+00 1.217165704410463789e+00 1.222431807538844728e+00 1.227465711376336088e+00 1.232269754517924198e+00 1.236846371124682209e+00 1.241198088154825463e+00 1.245327522539195542e+00 1.249237378304047796e+00 1.252930443644080238e+00 1.256409587948617901e+00 1.259677758783967150e+00 1.262737978834941766e+00 1.265593342808603028e+00 1.268247014303273135e+00 1.270702222645931245e+00 1.272962259701069687e+00 1.275030476654135603e+00 1.276910280772700856e+00 1.278605132148487256e+00 1.280118540423387241e+00 1.281454061502638408e+00 1.282615294258270033e+00 1.283605877225999725e+00 1.284429485298668849e+00 1.285089826419361314e+00 1.285590638277315900e+00 1.285935685009689688e+00 1.286128753912285871e+00 1.286173652162253989e+00 1.286074203555792383e+00 1.285834245263857811e+00 1.285457624608813409e+00 1.284948195864953568e+00 1.284309817085789396e+00 1.283546346960924955e+00 1.282661641705339139e+00 1.281659551983812984e+00 1.280543919873210035e+00 1.279318575865266094e+00 1.277987335912474931e+00 1.276553998519618593e+00 1.275022341883423671e+00 1.273396121082752686e+00 1.271679065321699609e+00 1.269874875227859023e+00 1.267987220208034449e+00 1.266019735863452400e+00 1.263976021466661326e+00 1.261859637502037446e+00 1.259674103271875678e+00 1.257422894569881322e+00 1.255109441423859051e+00 1.252737125909265226e+00 1.250309280035255100e+00 1.247829183704713296e+00 1.245300062749741477e+00 1.242725087043923926e+00 1.240107368692649370e+00 1.237449960302660523e+00 1.234755853331902076e+00 1.232027976520685852e+00 1.229269194405063104e+00 1.226482305913195070e+00 1.223670043045480105e+00 1.220835069639031545e+00 1.217979980217048785e+00 1.215107298923531420e+00 1.212219478543654416e+00 1.209318899610095199e+00 1.206407869595435889e+00 1.203488622190731938e+00 1.200563316670200775e+00 1.197634037341927415e+00 1.194702793084362114e+00 1.191771516968312516e+00 1.188842065964039962e+00 1.185916220732960547e+00 1.182995685503392957e+00 1.180082088029688281e+00 1.177176979633979714e+00 1.174281835329731516e+00 1.171398054026148605e+00 1.168526958812481586e+00 1.165669797321077228e+00 1.162827742168065503e+00 1.160001891470410218e+00 1.157193269437991612e+00 1.154402827039352708e+00 1.151631442739583955e+00 1.148879923308874451e+00 1.146149004700018681e+00 1.143439352993285363e+00 1.140751565406844081e+00 1.138086171370945587e+00 1.135443633663994811e+00 1.132824349608557934e+00 1.130228652325345085e+00 1.127656812043074996e+00 1.125109037462178385e+00 1.122585477170138901e+00 1.120086221106318725e+00 1.117611302074005941e+00 1.115160697297408410e+00 1.112734330021274642e+00 1.110332071150787581e+00 1.107953740929339848e+00 1.105599110651768413e+00 1.103267904410601297e+00 1.100959800872851391e+00 1.098674435084841416e+00 1.096411400302574224e+00 1.094170249845093590e+00 1.091950498968302874e+00 1.089751626756690461e+00 1.087573078030385165e+00 1.085414265264992295e+00 1.083274570521635338e+00 1.081153347384639751e+00 1.079049922904271597e+00 1.076963599542045458e+00 1.074893657115951084e+00 1.072839354743168494e+00 1.070799932777698471e+00 1.068774614740419349e+00 1.066762609239108706e+00 1.064763111875971724e+00 1.062775307140236380e+00 1.060798370283458025e+00 1.058831469175127937e+00 1.056873766136295467e+00 1.054924419748892506e+00 1.052982586638522511e+00 1.051047423228508970e+00 1.049118087463028370e+00 1.047193740497246672e+00 1.045273548352361415e+00 1.043356683533555485e+00 1.041442326608925661e+00 1.039529667747447039e+00 1.037617908214159224e+00 1.035706261820817931e+00 1.033793956330226527e+00 1.031880234812676100e+00 1.029964356952860483e+00 1.028045600305755869e+00 1.026123261500026418e+00 1.024196657387593357e+00 1.022265126138029112e+00 1.020328028276580978e+00 1.018384747664658807e+00 1.016434692421716690e+00 1.014477295787517219e+00 1.012512016923876379e+00 1.010538341655051964e+00 1.008555783145984819e+00 1.006563882517771624e+00 1.004562209399719741e+00 1.002550362417518270e+00 1.000527969617057922e+00 9.984946888236003737e-01 9.964502079359881526e-01 9.943942451557623574e-01 9.923265491510661063e-01 9.902468991553444733e-01 9.881551050009205195e-01 9.860510070875880828e-01 9.839344762864876692e-01 9.818054137795891867e-01 9.796637508351863088e-01 9.775094485199017358e-01 9.753424973477794468e-01 9.731629168671200869e-01 9.709707551858089980e-01 9.687660884359030611e-01 9.665490201784563418e-01 9.643196807494832656e-01 9.620782265481235829e-01 9.598248392681566488e-01 9.575597250740435218e-01 9.552831137227516534e-01 9.529952576327129776e-01 9.506964309013288261e-01 9.483869282724729510e-01 9.460670640555635114e-01 9.437371709977561141e-01 9.413975991109725383e-01 9.390487144554569010e-01 9.366908978816368414e-01 9.343245437321562319e-01 9.319500585059130593e-01 9.295678594861020994e-01 9.271783733342010558e-01 9.247820346519634027e-01 9.223792845134626273e-01 9.199705689693654653e-01 9.175563375255121334e-01 9.151370415980600859e-01 9.127131329473887611e-01 9.102850620930312830e-01 9.078532767119158464e-01 9.054182200222313792e-01 9.029803291552455091e-01 9.005400335174462700e-01 8.980977531453508966e-01 8.956538970554031032e-01 8.932088615913232887e-01 8.907630287713479422e-01 8.883167646377421178e-01 8.858704176110334672e-01 8.834243168513562505e-01 8.809787706293285003e-01 8.785340647088801802e-01 8.760904607444216508e-01 8.736481946947387556e-01 8.712074752560000634e-01 8.687684823162286074e-01 8.663313654335693670e-01 8.638962423406790769e-01 8.614631974775309731e-01 8.590322805548831209e-01 8.566035051506449838e-01 8.541768473413563489e-01 8.517522443709263369e-01 8.493295933587500235e-01 8.469087500493169829e-01 8.444895276053002720e-01 8.420716954461674453e-01 8.396549781342272922e-01 8.372390543100195481e-01 8.348235556788745626e-01 8.324080660504429297e-01 8.299921204329020474e-01 8.275752041835303663e-01 8.251567522172195135e-01 8.227361482745045862e-01 8.203127242505575678e-01 8.178857595865445251e-01 8.154544807247289251e-01 8.130180606285204448e-01 8.105756183687319316e-01 8.081262187770816841e-01 8.056688721680804743e-01 8.032025341301577415e-01 8.007261053870218248e-01 7.982384317299735521e-01 7.957383040219412340e-01 7.932244582738740002e-01 7.906955757940423712e-01 7.881502834107281252e-01 7.855871537686985873e-01 7.830047056997629928e-01 7.804014046676259753e-01 7.777756632871865028e-01 7.751258419183129078e-01 7.724502493340704712e-01 7.697471434632388032e-01 7.670147322069441609e-01 7.642511743290779647e-01 7.614545804201179324e-01 7.586230139338691059e-01 7.557544922965577783e-01 7.528469880876539344e-01 7.498984302916230638e-01 7.469067056198628318e-01 7.438696599018471689e-01 7.407850995445280917e-01 7.376507930589035755e-01 7.344644726525975109e-01 7.312238358872102939e-01 7.279265473991167745e-01 7.245702406823368857e-01 7.211525199319627211e-01 7.176709619466367096e-01 7.141231180884167751e-01 7.105065162983532634e-01 7.068186631659900687e-01 7.030570460509700803e-01 6.992191352548184913e-01 6.953023862409313249e-01 6.913042419007505712e-01 6.872221348639933058e-01 6.830534898508141550e-01 6.787957260636472423e-01 6.744462596164763069e-01 6.700025059992030796e-01 6.654618825747335986e-01 6.608218111063652866e-01 6.560797203129914434e-01 6.512330484496209326e-01 6.462792459106596610e-01 6.412157778533525976e-01 6.360401268387616547e-01 6.307497954876274404e-01 6.253423091484194840e-01 6.198152185748522225e-01 6.141661026101385978e-01 6.083925708752151440e-01 6.024922664581503495e-01 5.964628686019622927e-01 5.903020953880030453e-01 5.840077064121391714e-01 5.775775054508657247e-01 5.710093431145435439e-01 5.643011194849431034e-01 5.574507867342437528e-01 5.504563517227070157e-01 5.433158785721776685e-01 5.360274912126420377e-01 5.285893758990500846e-01 5.209997836956365980e-01 5.132570329250001340e-01 5.053595115792176573e-01 4.973056796903080889e-01 4.890940716573637936e-01 4.807232985277505311e-01 4.721920502297478617e-01 4.634990977540868751e-01 4.546432952818826867e-01 4.456235822564656446e-01 4.364389853967032273e-01 4.270886206494333703e-01 4.175716950786837467e-01 4.078875086894105384e-01 3.980354561835410809e-01 3.880150286461798159e-01 3.778258151598702930e-01 3.674675043449062706e-01 3.569398858237193273e-01 3.462428516074619878e-01 3.353763974029659312e-01 3.243406238383292339e-01 3.131357376054657027e-01 3.017620525180168545e-01 2.902199904831278543e-01 2.785100823856410668e-01 2.666329688833584122e-01 2.545894011121286882e-01 2.423802412995279543e-01 2.300064632861257286e-01 2.174691529532437329e-01 2.047695085563376316e-01 1.919088409632049574e-01 1.788885737962174760e-01 1.657102434780095002e-01 1.523754991800395364e-01 1.388861026735873083e-01 1.252439280828419321e-01 1.114509615398039805e-01 9.750930074086196220e-02 8.342115440496690459e-02 6.918884163344855842e-02 5.481479117158921666e-02 4.030154057220992209e-02 2.565173526157141226e-02 1.086812750802926449e-02 -4.046424706054897562e-03 -1.908895890848288923e-02 -3.425640945680299976e-02 -4.954560895247634572e-02 -6.495328974871705796e-02 -8.047608555098499650e-02 -9.611053310910035175e-02 -1.118530739996863865e-01 -1.277000564977673336e-01 -1.436477375360800668e-01 -1.596922847506528076e-01 -1.758297786111153171e-01 -1.920562146340851761e-01 -2.083675056779175083e-01 -2.247594843170009349e-01 -2.412279052937219004e-01 -2.577684480461187588e-01 -2.743767193091714574e-01 -2.910482557876160614e-01 -3.077785268980602895e-01 -3.245629375781594605e-01 -3.413968311604607120e-01 -3.582754923085397780e-01 -3.751941500129569729e-01 -3.921479806444282401e-01 -4.091321110616871759e-01 -4.261416217713316357e-01 -4.431715501369112853e-01 -4.602168936345381600e-01 -4.772726131521551340e-01 -4.943336363296088609e-01 -5.113948609365888132e-01 -5.284511582854996004e-01 -5.454973766762378773e-01 -5.625283448698571442e-01 -5.795388755880344078e-01 -5.965237690352513944e-01 -6.134778164405482181e-01 -6.303958036157001343e-01 -6.472725145266342572e-01 -6.641027348749217740e-01 -6.808812556860863729e-01 -6.976028769015589770e-01 -7.142624109710054014e-01 -7.308546864418243860e-01 -7.473745515425649355e-01 -7.638168777570122359e-01 -7.801765633857435933e-01 -7.964485370918830132e-01 -8.126277614278826222e-01 -8.287092363401005191e-01 -8.446880026480019232e-01 -8.605591454948163799e-01 -8.763177977665143059e-01 -8.919591434759720494e-01 -9.074784211092701280e-01 -9.228709269310311214e-01 -9.381320182458285917e-01 -9.532571166126341256e-01 -9.682417110094149182e-01 -9.830813609449633450e-01 -9.977716995151214574e-01 -1.012308436400590317e+00 -1.026687360803628879e+00 -1.040904344320891184e+00 -1.054955343749837793e+00 -1.068836403826119552e+00 -1.082543659889443566e+00 -1.096073340475495428e+00 -1.109421769831530957e+00 -1.122585370353371026e+00 -1.135560664941556608e+00 -1.148344279274532864e+00 -1.160932943996790145e+00 -1.173323496819970169e+00 -1.185512884535055544e+00 -1.197498164933789910e+00 -1.209276508637620484e+00 -1.220845200832512578e+00 -1.232201642908064665e+00 -1.243343353999466938e+00 -1.254267972430941125e+00 -1.264973257059362366e+00 -1.275457088516893878e+00 -1.285717470351515734e+00 -1.295752530064524954e+00 -1.305560520044020567e+00 -1.315139818393653792e+00 -1.324488929655925684e+00 -1.333606485429428057e+00 -1.342491244879554735e+00 -1.351142095142289667e+00 -1.359558051620768593e+00 -1.367738258174462596e+00 -1.375681987200868761e+00 -1.383388639609751669e+00 -1.390857744690050302e+00 -1.398088959869677073e+00 -1.405082070368546487e+00 -1.411836988745268195e+00 -1.418353754337994710e+00 -1.424632532600155654e+00 -1.430673614331675170e+00 -1.436477414806662356e+00 -1.442044472798375887e+00 -1.447375449502568578e+00 -1.452471127360328573e+00 -1.457332408781631949e+00 -1.461960314770924363e+00 -1.466355983456160139e+00 -1.470520668522791841e+00 -1.474455737554306367e+00 -1.478162670280981583e+00 -1.481643056738669584e+00 -1.484898595339416927e+00 -1.487931090855883376e+00 -1.490742452321589084e+00 -1.493334690849068114e+00 -1.495709917368113206e+00 -1.497870340286376667e+00 -1.499818263074629288e+00 -1.501556081779088281e+00 -1.503086282463272694e+00 -1.504411438581906069e+00 -1.505534208289475817e+00 -1.506457331686069656e+00 -1.507183628003240905e+00 -1.507715992732620025e+00 -1.508057394700113463e+00 -1.508210873088563275e+00 -1.508179534411736578e+00 -1.507966549442658621e+00 -1.507575150099221606e+00 -1.507008626290147868e+00 -1.506270322724346133e+00 -1.505363635686774559e+00 -1.504292009783916528e+00 -1.503058934662041102e+00 -1.501667941701390729e+00 -1.500122600689522301e+00 -1.498426516476972115e+00 -1.496583325618475735e+00 -1.494596693002987253e+00 -1.492470308475676966e+00 -1.490207883455211935e+00 -1.487813147549482906e+00 -1.485289845173059398e+00 -1.482641732169556192e+00 -1.479872572442149092e+00 -1.476986134595418720e+00 -1.473986188591694280e+00 -1.470876502425101373e+00 -1.467660838816374547e+00 -1.464342951931621561e+00 -1.460926584128053873e+00 -1.457415462729778399e+00 -1.453813296836627966e+00 -1.450123774169018498e+00 -1.446350557951763927e+00 -1.442497283839712541e+00 -1.438567556888084242e+00 -1.434564948570252074e+00 -1.430492993845726479e+00 -1.426355188281013930e+00 -1.422154985225979829e+00 -1.417895793048262520e+00 -1.413580972428228666e+00 -1.409213833716931541e+00 -1.404797634359389980e+00 -1.400335576385506320e+00 -1.395830803970845135e+00 -1.391286401069396605e+00 -1.386705389120399312e+00 -1.382090724831203321e+00 -1.377445298038100230e+00 -1.372771929646914080e+00 -1.368073369655107729e+00 -1.363352295257059144e+00 -1.358611309034051695e+00 -1.353852937230490161e+00 -1.349079628117682672e+00 -1.344293750446514224e+00 -1.339497591990204128e+00 -1.334693358178238309e+00 -1.329883170822503180e+00 -1.325069066936529261e+00 -1.320252997648659665e+00 -1.315436827209863768e+00 -1.310622332096835319e+00 -1.305811200210859724e+00 -1.301005030172912358e+00 -1.296205330715297865e+00 -1.291413520170056950e+00 -1.286630926054261215e+00 -1.281858784752246683e+00 -1.277098241294669423e+00 -1.272350349234272704e+00 -1.267616070618040824e+00 -1.262896276055388567e+00 -1.258191744881947516e+00 -1.253503165418350607e+00 -1.248831135323372532e+00 -1.244176162040666389e+00 -1.239538663338251689e+00 -1.234918967939815371e+00 -1.230317316246777315e+00 -1.225733861150007931e+00 -1.221168668929983436e+00 -1.216621720244049687e+00 -1.212092911199455836e+00 -1.207582054510611069e+00 -1.203088880739084932e+00 -1.198613039614629949e+00 -1.194154101435586979e+00 -1.189711558546789671e+00 -1.185284826893172827e+00 -1.180873247647084456e+00 -1.176476088907291828e+00 -1.172092547467610046e+00 -1.167721750652982893e+00 -1.163362758220773285e+00 -1.159014564325041574e+00 -1.154676099541385836e+00 -1.150346232950020475e+00 -1.146023774274581131e+00 -1.141707476074189209e+00 -1.137396035986177001e+00 -1.133088099016924311e+00 -1.128782259878112537e+00 -1.124477065365733441e+00 -1.120171016779120565e+00 -1.115862572377249284e+00 -1.111550149869503734e+00 -1.107232128938103077e+00 -1.102906853789327624e+00 -1.098572635730685976e+00 -1.094227755771129962e+00 -1.089870467241404572e+00 -1.085498998431634998e+00 -1.081111555243192024e+00 -1.076706323851924774e+00 -1.072281473379802730e+00 -1.067835158572031595e+00 -1.063365522476707570e+00 -1.058870699124069281e+00 -1.054348816202398176e+00 -1.049797997727725418e+00 -1.045216366704337041e+00 -1.040602047773290018e+00 -1.035953169846030253e+00 -1.031267868720263881e+00 -1.026544289675304533e+00 -1.021780590044093495e+00 -1.016974941759135165e+00 -1.012125533869642435e+00 -1.007230575027224573e+00 -1.002288295937455720e+00 -9.972969517747547474e-01 -9.922548245580194992e-01 -9.871602254845146529e-01 -9.820114972195818082e-01 -9.768070161397681694e-01 -9.715451945270349166e-01 -9.662244827117872914e-01 -9.608433711624910778e-01 -9.554003925197512848e-01 -9.498941235727232923e-01 -9.443231871759001361e-01 -9.386862541042644281e-01 -9.329820448449885895e-01 -9.272093313238352064e-01 -9.213669385645615328e-01 -9.154537462796662473e-01 -9.094686903909108278e-01 -9.034107644781353974e-01 -8.972790211549502848e-01 -8.910725733699867979e-01 -8.847905956324721988e-01 -8.784323251609675864e-01 -8.719970629542167506e-01 -8.654841747831109044e-01 -8.588930921028975485e-01 -8.522233128848293315e-01 -8.454744023665405894e-01 -8.386459937205450466e-01 -8.317377886403147791e-01 -8.247495578435234398e-01 -8.176811414921087984e-01 -8.105324495288939168e-01 -8.033034619306363977e-01 -7.959942288774113361e-01 -7.886048708383953665e-01 -7.811355785741458391e-01 -7.735866130556039444e-01 -7.659583053001177699e-01 -7.582510561249067305e-01 -7.504653358184304457e-01 -7.426016837302547025e-01 -7.346607077800867414e-01 -7.266430838867273811e-01 -7.185495553177955186e-01 -7.103809319611485984e-01 -7.021380895190179050e-01 -6.938219686259692320e-01 -6.854335738918534426e-01 -6.769739728710382209e-01 -6.684442949592435124e-01 -6.598457302194159491e-01 -6.511795281381418388e-01 -6.424469963141757889e-01 -6.336494990807248762e-01 -6.247884560632234185e-01 -6.158653406743722636e-01 -6.068816785483028831e-01 -5.978390459158047232e-01 -5.887390679225641410e-01 -5.795834168925002583e-01 -5.703738105382712975e-01 -5.611120101211233280e-01 -5.517998185622919882e-01 -5.424390785082223720e-01 -5.330316703519070165e-01 -5.235795102127259737e-01 -5.140845478771586263e-01 -5.045487647028282785e-01 -4.949741714883545418e-01 -4.853628063115244529e-01 -4.757167323383316160e-01 -4.660380356054562023e-01 -4.563288227787895002e-01 -4.465912188906286384e-01 -4.368273650581845913e-01 -4.270394161860719406e-01 -4.172295386554542018e-01 -4.073999080025370589e-01 -3.975527065891075740e-01 -3.876901212678273700e-01 -3.778143410449802397e-01 -3.679275547433866200e-01 -3.580319486681923236e-01 -3.481297042782166562e-01 -3.382229958655634250e-01 -3.283139882461619252e-01 -3.184048344639023864e-01 -3.084976735110079860e-01 -2.985946280672661657e-01 -2.886978022607232797e-01 -2.788092794523991946e-01 -2.689311200475867913e-01 -2.590653593362245433e-01 -2.492140053648327080e-01 -2.393790368424416060e-01 -2.295624010829136197e-01 -2.197660119860102290e-01 -2.099917480595135388e-01 -2.002414504846599386e-01 -1.905169212271003998e-01 -1.808199211955387742e-01 -1.711521684501477736e-01 -1.615153364628139632e-01 -1.519110524311858001e-01 -1.423408956484505661e-01 -1.328063959306971242e-01 -1.233090321036558468e-01 -1.138502305505309370e-01 -1.044313638225919799e-01 -9.505374931409057981e-02 -8.571864800301910725e-02 -7.642726325913967722e-02 -6.718073972064016186e-02 -5.798016224068994889e-02 -4.882655490510002388e-02 -3.972088012219988223e-02 -3.066403778596505161e-02 -2.165686451334713006e-02 -1.270013295667836786e-02 -3.794551191922725282e-03 5.059237816519156390e-03 1.386065667385113880e-02 2.260919393524056520e-02 3.130440440806463165e-02 3.994590937569723194e-02 4.853339674257754061e-02 5.706662110039735503e-02 6.554540371532292797e-02 7.396963243626035467e-02 8.233926152427686884e-02 9.065431140334698212e-02 9.891486833271517787e-02 1.071210840012373211e-01 1.152731750441527564e-01 1.233714224828304784e-01 1.314161710881138478e-01 1.394078286679847622e-01 1.473468652803432977e-01 1.552338123717834362e-01 1.630692618433419727e-01 1.708538650442616436e-01 1.785883316949071487e-01 1.862734287400382160e-01 1.939099791337384471e-01 2.014988605573585223e-01 2.090410040719233864e-01 2.165373927065170623e-01 2.239890599842344066e-01 2.313970883873624762e-01 2.387626077635150723e-01 2.460867936745241569e-01 2.533708656899386069e-01 2.606160856270607340e-01 2.678237557395051760e-01 2.749952168563160049e-01 2.821318464737452847e-01 2.892350568018466905e-01 2.963062927680836234e-01 3.033470299802101811e-01 3.103587726507186506e-01 3.173430514852062512e-01 3.243014215370323972e-01 3.312354600307059194e-01 3.381467641564503412e-01 3.450369488384481542e-01 3.519076444792826330e-01 3.587604946831334796e-01 3.655971539603014575e-01 3.724192854156610499e-01 3.792285584236596563e-01 3.860266462925002195e-01 3.928152239201496143e-01 3.995959654448450471e-01 4.063705418927458513e-01 4.131406188254223566e-01 4.199078539898343232e-01 4.266738949734961706e-01 4.334403768674675583e-01 4.402089199398554475e-01 4.469811273224598147e-01 4.537585827132163963e-01 4.605428480970404914e-01 4.673354614876907287e-01 4.741379346932236838e-01 4.809517511076019103e-01 4.877783635309788091e-01 4.946191920211648330e-01 5.014756217787359471e-01 5.083490010682187865e-01 5.152406391777413219e-01 5.221518044195032626e-01 5.290837221733633022e-01 5.360375729758234398e-01 5.430144906565980145e-01 5.500155605249485991e-01 5.570418176078824057e-01 5.640942449422629013e-01 5.711737719228314747e-01 5.782812727080713922e-01 5.854175646857811000e-01 5.925834070001650966e-01 5.997794991421728783e-01 6.070064796047677236e-01 6.142649246047087175e-01 6.215553468723955532e-01 6.288781945111938665e-01 6.362338499276530834e-01 6.436226288338893209e-01 6.510447793233710145e-01 6.585004810212394810e-01 6.659898443102113541e-01 6.735129096330715326e-01 6.810696468726128439e-01 6.886599548098459866e-01 6.962836606612037293e-01 7.039405196953677502e-01 7.116302149302631275e-01 7.193523569106893278e-01 7.271064835669426296e-01 7.348920601547351827e-01 7.427084792765636934e-01 7.505550609846799448e-01 7.584310529656248523e-01 7.663356308062838629e-01 7.742678983412879523e-01 7.822268880814744474e-01 7.902115617231130207e-01 7.982208107374042516e-01 8.062534570397621447e-01 8.143082537382526631e-01 8.223838859604843954e-01 8.304789717581679831e-01 8.385920630884625693e-01 8.467216468711519228e-01 8.548661461206047418e-01 8.630239211513880404e-01 8.711932708563191463e-01 8.793724340556816621e-01 8.875595909161954067e-01 8.957528644383422334e-01 9.039503220104788683e-01 9.121499770281475961e-01 9.203497905769205678e-01 9.285476731770209158e-01 9.367414865879019059e-01 9.449290456709025232e-01 9.531081203080407072e-01 9.612764373749104196e-01 9.694316827656215274e-01 9.775715034676424331e-01 9.856935096843529864e-01 9.937952770030659133e-01 1.001874348606210718e+00 1.009928237523331163e+00 1.017954428921514776e+00 1.025950382431781938e+00 1.033913534508988263e+00 1.041841300822688998e+00 1.049731078676417795e+00 1.057580249452781063e+00 1.065386181081744210e+00 1.073146230529469003e+00 1.080857746304983324e+00 1.088518070982034125e+00 1.096124543733360435e+00 1.103674502874664398e+00 1.111165288415522978e+00 1.118594244614485422e+00 1.125958722535566947e+00 1.133256082603385506e+00 1.140483697154132336e+00 1.147638952979636695e+00 1.154719253861713923e+00 1.161722023094055034e+00 1.168644705988896249e+00 1.175484772365713582e+00 1.182239719019237745e+00 1.188907072164052892e+00 1.195484389853121776e+00 1.201969264367559243e+00 1.208359324575018157e+00 1.214652238254105177e+00 1.220845714382225111e+00 1.226937505384366300e+00 1.232925409340285494e+00 1.238807272147669725e+00 1.244580989638872648e+00 1.250244509648847480e+00 1.255795834031968372e+00 1.261233020625506684e+00 1.266554185157529933e+00 1.271757503097098008e+00 1.276841211444665225e+00 1.281803610460663601e+00 1.286643065330313584e+00 1.291358007762764215e+00 1.295946937522747255e+00 1.300408423892977172e+00 1.304741107065640948e+00 1.308943699461343257e+00 1.313014986973999321e+00 1.316953830140214166e+00 1.320759165231785381e+00 1.324430005270016641e+00 1.327965440960663601e+00 1.331364641548369754e+00 1.334626855589565286e+00 1.337751411642849941e+00 1.340737718876038986e+00 1.343585267589075594e+00 1.346293629652106416e+00 1.348862458858156366e+00 1.351291491189879013e+00 1.353580544999996027e+00 1.355729521105060620e+00 1.357738402792370680e+00 1.359607255739862852e+00 1.361336227848975566e+00 1.362925548990505442e+00 1.364375530663624714e+00 1.365686565568309918e+00 1.366859127091493376e+00 1.367893768707389990e+00 1.368791123292494083e+00 1.369551902355891304e+00 1.370176895185581500e+00 1.370666967911580381e+00 1.371023062486741440e+00 1.371246195586239391e+00 1.371337457426777373e+00 1.371298010506703413e+00 1.371129088268255192e+00 1.370831993683253147e+00 1.370408097763669897e+00 1.369858837998563228e+00 1.369185716718936519e+00 1.368390299392205689e+00 1.367474212847964443e+00 1.366439143436888548e+00 1.365286835124663423e+00 1.364019087522853946e+00 1.362637753858782164e+00 1.361144738886479688e+00 1.359541996740876169e+00 1.357831528737470261e+00 1.356015381119738628e+00 1.354095642756643070e+00 1.352074442792623010e+00 1.349953948252557989e+00 1.347736361604158883e+00 1.345423918280415077e+00 1.343018884164608240e+00 1.340523553040628979e+00 1.337940244011223578e+00 1.335271298886933078e+00 1.332519079548449614e+00 1.329685965285229532e+00 1.326774350113143930e+00 1.323786640074052112e+00 1.320725250520136118e+00 1.317592603385932648e+00 1.314391124450936088e+00 1.311123240595725381e+00 1.307791377054527526e+00 1.304397954667208870e+00 1.300945387133585207e+00 1.297436078273052296e+00 1.293872419292476428e+00 1.290256786065286709e+00 1.286591536424700255e+00 1.282879007474053701e+00 1.279121512917106962e+00 1.275321340411251558e+00 1.271480748946493433e+00 1.267601966253085521e+00 1.263687186240609606e+00 1.259738566471332089e+00 1.255758225670626560e+00 1.251748241277155449e+00 1.247710647035537024e+00 1.243647430634156281e+00 1.239560531390738962e+00 1.235451837988227775e+00 1.231323186263530323e+00 1.227176357051551925e+00 1.223013074086987118e+00 1.218835001966172671e+00 1.214643744171318041e+00 1.210440841159378111e+00 1.206227768517683652e+00 1.202005935188492414e+00 1.197776681764440854e+00 1.193541278856898202e+00 1.189300925539109377e+00 1.185056747865910198e+00 1.180809797471799705e+00 1.176561050248977613e+00 1.172311405106964743e+00 1.168061682815274782e+00 1.163812624930554707e+00 1.159564892809498149e+00 1.155319066708824005e+00 1.151075644973365675e+00 1.146835043313424674e+00 1.142597594172294118e+00 1.138363546184846253e+00 1.134133063727935875e+00 1.129906226563326177e+00 1.125683029573719462e+00 1.121463382592367219e+00 1.117247110326662130e+00 1.113033952376005775e+00 1.108823563344154550e+00 1.104615513046137032e+00 1.100409286809737042e+00 1.096204285871461126e+00 1.091999827866778183e+00 1.087795147414351238e+00 1.083589396793845250e+00 1.079381646716852883e+00 1.075170887190319835e+00 1.070956028471798938e+00 1.066735902115744095e+00 1.062509262109977204e+00 1.058274786101341958e+00 1.054031076709486481e+00 1.049776662927610182e+00 1.045510001608923822e+00 1.041229479037481420e+00 1.036933412581960257e+00 1.032620052430847313e+00 1.028287583407443417e+00 1.023934126862996008e+00 1.019557742646166609e+00 1.015156431146998939e+00 1.010728135413430095e+00 1.006270743338350426e+00 1.001782089915104645e+00 9.972599595592844812e-01 9.927020884945668699e-01 9.881061672003036422e-01 9.834698429184723922e-01 9.787907222175777910e-01 9.740663736109841375e-01 9.692943302271276318e-01 9.644720925289909097e-01 9.595971310801773013e-01 9.546668893548514445e-01 9.496787865887824642e-01 9.446302206686681968e-01 9.395185710568926263e-01 9.343412017487873200e-01 9.290954642594924096e-01 9.237787006374169607e-01 9.183882465013109009e-01 9.129214340979031617e-01 9.073755953770561433e-01 9.017480650813515242e-01 8.960361838470086715e-01 8.902373013130137069e-01 8.843487792353438293e-01 8.783679946031318631e-01 8.722923427536419805e-01 8.661192404828913505e-01 8.598461291487901059e-01 8.534704777636332729e-01 8.469897860728228256e-01 8.404015876166879284e-01 8.337034527722787525e-01 8.268929917720436729e-01 8.199678576963086440e-01 8.129257494364914294e-01 8.057644146260405371e-01 7.984816525360628470e-01 7.910753169326975032e-01 7.835433188932845461e-01 7.758836295784306003e-01 7.680942829571161257e-01 7.601733784820267070e-01 7.521190837123485906e-01 7.439296368812929883e-01 7.356033494056994915e-01 7.271386083351071283e-01 7.185338787377263392e-01 7.097877060208307443e-01 7.008987181831403124e-01 6.918656279968125045e-01 6.826872351167869724e-01 6.733624281151949775e-01 6.638901864387471985e-01 6.542695822869590838e-01 6.444997824092767447e-01 6.345800498191129790e-01 6.245097454230005285e-01 6.142883295630874319e-01 6.039153634712981500e-01 5.933905106335725099e-01 5.827135380626875527e-01 5.718843174782577421e-01 5.609028263925713853e-01 5.497691491010697762e-01 5.384834775763090997e-01 5.270461122643841367e-01 5.154574627828674149e-01 5.037180485194179269e-01 4.918284991303051856e-01
