# Sat Jul 10 12:45:09 2021
# Spin blind formalism, bias turned off, lead sites decoupled
# Inputs:
# - Num. leads = (3, 3)
# - Num. impurity sites = 1
# - nelecs = (7, 0)
# - V_leads = 1.0
# - V_imp_leads = 1.0
# - V_bias = -0.005
# - mu = 0.0
# - V_gate = 0.0
# - U = 0.0
0.000000000000000000e+00 1.000000000000000021e-02 2.000000000000000042e-02 2.999999999999999889e-02 4.000000000000000083e-02 5.000000000000000278e-02 5.999999999999999778e-02 7.000000000000000666e-02 8.000000000000000167e-02 8.999999999999999667e-02 1.000000000000000056e-01 1.100000000000000006e-01 1.199999999999999956e-01 1.300000000000000044e-01 1.400000000000000133e-01 1.499999999999999944e-01 1.600000000000000033e-01 1.700000000000000122e-01 1.799999999999999933e-01 1.900000000000000022e-01 2.000000000000000111e-01 2.099999999999999922e-01 2.200000000000000011e-01 2.300000000000000100e-01 2.399999999999999911e-01 2.500000000000000000e-01 2.600000000000000089e-01 2.700000000000000178e-01 2.800000000000000266e-01 2.899999999999999800e-01 2.999999999999999889e-01 3.099999999999999978e-01 3.200000000000000067e-01 3.300000000000000155e-01 3.400000000000000244e-01 3.500000000000000333e-01 3.599999999999999867e-01 3.699999999999999956e-01 3.800000000000000044e-01 3.900000000000000133e-01 4.000000000000000222e-01 4.100000000000000311e-01 4.199999999999999845e-01 4.299999999999999933e-01 4.400000000000000022e-01 4.500000000000000111e-01 4.600000000000000200e-01 4.700000000000000289e-01 4.799999999999999822e-01 4.899999999999999911e-01 5.000000000000000000e-01 5.100000000000000089e-01 5.200000000000000178e-01 5.300000000000000266e-01 5.400000000000000355e-01 5.500000000000000444e-01 5.600000000000000533e-01 5.700000000000000622e-01 5.799999999999999600e-01 5.899999999999999689e-01 5.999999999999999778e-01 6.099999999999999867e-01 6.199999999999999956e-01 6.300000000000000044e-01 6.400000000000000133e-01 6.500000000000000222e-01 6.600000000000000311e-01 6.700000000000000400e-01 6.800000000000000488e-01 6.900000000000000577e-01 7.000000000000000666e-01 7.099999999999999645e-01 7.199999999999999734e-01 7.299999999999999822e-01 7.399999999999999911e-01 7.500000000000000000e-01 7.600000000000000089e-01 7.700000000000000178e-01 7.800000000000000266e-01 7.900000000000000355e-01 8.000000000000000444e-01 8.100000000000000533e-01 8.200000000000000622e-01 8.300000000000000711e-01 8.399999999999999689e-01 8.499999999999999778e-01 8.599999999999999867e-01 8.699999999999999956e-01 8.800000000000000044e-01 8.900000000000000133e-01 9.000000000000000222e-01 9.100000000000000311e-01 9.200000000000000400e-01 9.300000000000000488e-01 9.400000000000000577e-01 9.500000000000000666e-01 9.599999999999999645e-01 9.699999999999999734e-01 9.799999999999999822e-01 9.899999999999999911e-01 1.000000000000000000e+00 1.010000000000000009e+00 1.020000000000000018e+00 1.030000000000000027e+00 1.040000000000000036e+00 1.050000000000000044e+00 1.060000000000000053e+00 1.070000000000000062e+00 1.080000000000000071e+00 1.090000000000000080e+00 1.100000000000000089e+00 1.110000000000000098e+00 1.120000000000000107e+00 1.130000000000000115e+00 1.140000000000000124e+00 1.150000000000000133e+00 1.159999999999999920e+00 1.169999999999999929e+00 1.179999999999999938e+00 1.189999999999999947e+00 1.199999999999999956e+00 1.209999999999999964e+00 1.219999999999999973e+00 1.229999999999999982e+00 1.239999999999999991e+00 1.250000000000000000e+00 1.260000000000000009e+00 1.270000000000000018e+00 1.280000000000000027e+00 1.290000000000000036e+00 1.300000000000000044e+00 1.310000000000000053e+00 1.320000000000000062e+00 1.330000000000000071e+00 1.340000000000000080e+00 1.350000000000000089e+00 1.360000000000000098e+00 1.370000000000000107e+00 1.380000000000000115e+00 1.390000000000000124e+00 1.400000000000000133e+00 1.409999999999999920e+00 1.419999999999999929e+00 1.429999999999999938e+00 1.439999999999999947e+00 1.449999999999999956e+00 1.459999999999999964e+00 1.469999999999999973e+00 1.479999999999999982e+00 1.489999999999999991e+00 1.500000000000000000e+00 1.510000000000000009e+00 1.520000000000000018e+00 1.530000000000000027e+00 1.540000000000000036e+00 1.550000000000000044e+00 1.560000000000000053e+00 1.570000000000000062e+00 1.580000000000000071e+00 1.590000000000000080e+00 1.600000000000000089e+00 1.610000000000000098e+00 1.620000000000000107e+00 1.630000000000000115e+00 1.640000000000000124e+00 1.650000000000000133e+00 1.660000000000000142e+00 1.669999999999999929e+00 1.679999999999999938e+00 1.689999999999999947e+00 1.699999999999999956e+00 1.709999999999999964e+00 1.719999999999999973e+00 1.729999999999999982e+00 1.739999999999999991e+00 1.750000000000000000e+00 1.760000000000000009e+00 1.770000000000000018e+00 1.780000000000000027e+00 1.790000000000000036e+00 1.800000000000000044e+00 1.810000000000000053e+00 1.820000000000000062e+00 1.830000000000000071e+00 1.840000000000000080e+00 1.850000000000000089e+00 1.860000000000000098e+00 1.870000000000000107e+00 1.880000000000000115e+00 1.890000000000000124e+00 1.900000000000000133e+00 1.910000000000000142e+00 1.919999999999999929e+00 1.929999999999999938e+00 1.939999999999999947e+00 1.949999999999999956e+00 1.959999999999999964e+00 1.969999999999999973e+00 1.979999999999999982e+00 1.989999999999999991e+00 2.000000000000000000e+00 2.010000000000000231e+00 2.020000000000000018e+00 2.030000000000000249e+00 2.040000000000000036e+00 2.049999999999999822e+00 2.060000000000000053e+00 2.069999999999999840e+00 2.080000000000000071e+00 2.089999999999999858e+00 2.100000000000000089e+00 2.109999999999999876e+00 2.120000000000000107e+00 2.129999999999999893e+00 2.140000000000000124e+00 2.149999999999999911e+00 2.160000000000000142e+00 2.169999999999999929e+00 2.180000000000000160e+00 2.189999999999999947e+00 2.200000000000000178e+00 2.209999999999999964e+00 2.220000000000000195e+00 2.229999999999999982e+00 2.240000000000000213e+00 2.250000000000000000e+00 2.260000000000000231e+00 2.270000000000000018e+00 2.280000000000000249e+00 2.290000000000000036e+00 2.300000000000000266e+00 2.310000000000000053e+00 2.319999999999999840e+00 2.330000000000000071e+00 2.339999999999999858e+00 2.350000000000000089e+00 2.359999999999999876e+00 2.370000000000000107e+00 2.379999999999999893e+00 2.390000000000000124e+00 2.399999999999999911e+00 2.410000000000000142e+00 2.419999999999999929e+00 2.430000000000000160e+00 2.439999999999999947e+00 2.450000000000000178e+00 2.459999999999999964e+00 2.470000000000000195e+00 2.479999999999999982e+00 2.490000000000000213e+00 2.500000000000000000e+00 2.510000000000000231e+00 2.520000000000000018e+00 2.530000000000000249e+00 2.540000000000000036e+00 2.550000000000000266e+00 2.560000000000000053e+00 2.569999999999999840e+00 2.580000000000000071e+00 2.589999999999999858e+00 2.600000000000000089e+00 2.609999999999999876e+00 2.620000000000000107e+00 2.629999999999999893e+00 2.640000000000000124e+00 2.649999999999999911e+00 2.660000000000000142e+00 2.669999999999999929e+00 2.680000000000000160e+00 2.689999999999999947e+00 2.700000000000000178e+00 2.709999999999999964e+00 2.720000000000000195e+00 2.729999999999999982e+00 2.740000000000000213e+00 2.750000000000000000e+00 2.760000000000000231e+00 2.770000000000000018e+00 2.780000000000000249e+00 2.790000000000000036e+00 2.800000000000000266e+00 2.810000000000000053e+00 2.819999999999999840e+00 2.830000000000000071e+00 2.839999999999999858e+00 2.850000000000000089e+00 2.859999999999999876e+00 2.870000000000000107e+00 2.879999999999999893e+00 2.890000000000000124e+00 2.899999999999999911e+00 2.910000000000000142e+00 2.919999999999999929e+00 2.930000000000000160e+00 2.939999999999999947e+00 2.950000000000000178e+00 2.959999999999999964e+00 2.970000000000000195e+00 2.979999999999999982e+00 2.990000000000000213e+00 3.000000000000000000e+00 3.010000000000000231e+00 3.020000000000000018e+00 3.030000000000000249e+00 3.040000000000000036e+00 3.050000000000000266e+00 3.060000000000000053e+00 3.070000000000000284e+00 3.080000000000000071e+00 3.089999999999999858e+00 3.100000000000000089e+00 3.109999999999999876e+00 3.120000000000000107e+00 3.129999999999999893e+00 3.140000000000000124e+00 3.149999999999999911e+00 3.160000000000000142e+00 3.169999999999999929e+00 3.180000000000000160e+00 3.189999999999999947e+00 3.200000000000000178e+00 3.209999999999999964e+00 3.220000000000000195e+00 3.229999999999999982e+00 3.240000000000000213e+00 3.250000000000000000e+00 3.260000000000000231e+00 3.270000000000000018e+00 3.280000000000000249e+00 3.290000000000000036e+00 3.300000000000000266e+00 3.310000000000000053e+00 3.320000000000000284e+00 3.330000000000000071e+00 3.339999999999999858e+00 3.350000000000000089e+00 3.359999999999999876e+00 3.370000000000000107e+00 3.379999999999999893e+00 3.390000000000000124e+00 3.399999999999999911e+00 3.410000000000000142e+00 3.419999999999999929e+00 3.430000000000000160e+00 3.439999999999999947e+00 3.450000000000000178e+00 3.459999999999999964e+00 3.470000000000000195e+00 3.479999999999999982e+00 3.490000000000000213e+00 3.500000000000000000e+00 3.510000000000000231e+00 3.520000000000000018e+00 3.530000000000000249e+00 3.540000000000000036e+00 3.550000000000000266e+00 3.560000000000000053e+00 3.570000000000000284e+00 3.580000000000000071e+00 3.589999999999999858e+00 3.600000000000000089e+00 3.609999999999999876e+00 3.620000000000000107e+00 3.629999999999999893e+00 3.640000000000000124e+00 3.649999999999999911e+00 3.660000000000000142e+00 3.669999999999999929e+00 3.680000000000000160e+00 3.689999999999999947e+00 3.700000000000000178e+00 3.709999999999999964e+00 3.720000000000000195e+00 3.729999999999999982e+00 3.740000000000000213e+00 3.750000000000000000e+00 3.760000000000000231e+00 3.770000000000000018e+00 3.780000000000000249e+00 3.790000000000000036e+00 3.800000000000000266e+00 3.810000000000000053e+00 3.820000000000000284e+00 3.830000000000000071e+00 3.839999999999999858e+00 3.850000000000000089e+00 3.859999999999999876e+00 3.870000000000000107e+00 3.879999999999999893e+00 3.890000000000000124e+00 3.899999999999999911e+00 3.910000000000000142e+00 3.919999999999999929e+00 3.930000000000000160e+00 3.939999999999999947e+00 3.950000000000000178e+00 3.959999999999999964e+00 3.970000000000000195e+00 3.979999999999999982e+00 3.990000000000000213e+00 4.000000000000000000e+00 4.009999999999999787e+00 4.020000000000000462e+00 4.030000000000000249e+00 4.040000000000000036e+00 4.049999999999999822e+00 4.060000000000000497e+00 4.070000000000000284e+00 4.080000000000000071e+00 4.089999999999999858e+00 4.099999999999999645e+00 4.110000000000000320e+00 4.120000000000000107e+00 4.129999999999999893e+00 4.139999999999999680e+00 4.150000000000000355e+00 4.160000000000000142e+00 4.169999999999999929e+00 4.179999999999999716e+00 4.190000000000000391e+00 4.200000000000000178e+00 4.209999999999999964e+00 4.219999999999999751e+00 4.230000000000000426e+00 4.240000000000000213e+00 4.250000000000000000e+00 4.259999999999999787e+00 4.270000000000000462e+00 4.280000000000000249e+00 4.290000000000000036e+00 4.299999999999999822e+00 4.310000000000000497e+00 4.320000000000000284e+00 4.330000000000000071e+00 4.339999999999999858e+00 4.350000000000000533e+00 4.360000000000000320e+00 4.370000000000000107e+00 4.379999999999999893e+00 4.389999999999999680e+00 4.400000000000000355e+00 4.410000000000000142e+00 4.419999999999999929e+00 4.429999999999999716e+00 4.440000000000000391e+00 4.450000000000000178e+00 4.459999999999999964e+00 4.469999999999999751e+00 4.480000000000000426e+00 4.490000000000000213e+00 4.500000000000000000e+00 4.509999999999999787e+00 4.520000000000000462e+00 4.530000000000000249e+00 4.540000000000000036e+00 4.549999999999999822e+00 4.560000000000000497e+00 4.570000000000000284e+00 4.580000000000000071e+00 4.589999999999999858e+00 4.600000000000000533e+00 4.610000000000000320e+00 4.620000000000000107e+00 4.629999999999999893e+00 4.639999999999999680e+00 4.650000000000000355e+00 4.660000000000000142e+00 4.669999999999999929e+00 4.679999999999999716e+00 4.690000000000000391e+00 4.700000000000000178e+00 4.709999999999999964e+00 4.719999999999999751e+00 4.730000000000000426e+00 4.740000000000000213e+00 4.750000000000000000e+00 4.759999999999999787e+00 4.770000000000000462e+00 4.780000000000000249e+00 4.790000000000000036e+00 4.799999999999999822e+00 4.810000000000000497e+00 4.820000000000000284e+00 4.830000000000000071e+00 4.839999999999999858e+00 4.850000000000000533e+00 4.860000000000000320e+00 4.870000000000000107e+00 4.879999999999999893e+00 4.889999999999999680e+00 4.900000000000000355e+00 4.910000000000000142e+00 4.919999999999999929e+00 4.929999999999999716e+00 4.940000000000000391e+00 4.950000000000000178e+00 4.959999999999999964e+00 4.969999999999999751e+00 4.980000000000000426e+00 4.990000000000000213e+00 5.000000000000000000e+00 5.009999999999999787e+00 5.020000000000000462e+00 5.030000000000000249e+00 5.040000000000000036e+00 5.049999999999999822e+00 5.060000000000000497e+00 5.070000000000000284e+00 5.080000000000000071e+00 5.089999999999999858e+00 5.100000000000000533e+00 5.110000000000000320e+00 5.120000000000000107e+00 5.129999999999999893e+00 5.139999999999999680e+00 5.150000000000000355e+00 5.160000000000000142e+00 5.169999999999999929e+00 5.179999999999999716e+00 5.190000000000000391e+00 5.200000000000000178e+00 5.209999999999999964e+00 5.219999999999999751e+00 5.230000000000000426e+00 5.240000000000000213e+00 5.250000000000000000e+00 5.259999999999999787e+00 5.270000000000000462e+00 5.280000000000000249e+00 5.290000000000000036e+00 5.299999999999999822e+00 5.310000000000000497e+00 5.320000000000000284e+00 5.330000000000000071e+00 5.339999999999999858e+00 5.350000000000000533e+00 5.360000000000000320e+00 5.370000000000000107e+00 5.379999999999999893e+00 5.389999999999999680e+00 5.400000000000000355e+00 5.410000000000000142e+00 5.419999999999999929e+00 5.429999999999999716e+00 5.440000000000000391e+00 5.450000000000000178e+00 5.459999999999999964e+00 5.469999999999999751e+00 5.480000000000000426e+00 5.490000000000000213e+00 5.500000000000000000e+00 5.509999999999999787e+00 5.520000000000000462e+00 5.530000000000000249e+00 5.540000000000000036e+00 5.549999999999999822e+00 5.560000000000000497e+00 5.570000000000000284e+00 5.580000000000000071e+00 5.589999999999999858e+00 5.600000000000000533e+00 5.610000000000000320e+00 5.620000000000000107e+00 5.629999999999999893e+00 5.639999999999999680e+00 5.650000000000000355e+00 5.660000000000000142e+00 5.669999999999999929e+00 5.679999999999999716e+00 5.690000000000000391e+00 5.700000000000000178e+00 5.709999999999999964e+00 5.719999999999999751e+00 5.730000000000000426e+00 5.740000000000000213e+00 5.750000000000000000e+00 5.759999999999999787e+00 5.770000000000000462e+00 5.780000000000000249e+00 5.790000000000000036e+00 5.799999999999999822e+00 5.810000000000000497e+00 5.820000000000000284e+00 5.830000000000000071e+00 5.839999999999999858e+00 5.850000000000000533e+00 5.860000000000000320e+00 5.870000000000000107e+00 5.879999999999999893e+00 5.889999999999999680e+00 5.900000000000000355e+00 5.910000000000000142e+00 5.919999999999999929e+00 5.929999999999999716e+00 5.940000000000000391e+00 5.950000000000000178e+00 5.959999999999999964e+00 5.969999999999999751e+00 5.980000000000000426e+00 5.990000000000000213e+00 6.000000000000000000e+00 6.009999999999999787e+00 6.020000000000000462e+00 6.030000000000000249e+00 6.040000000000000036e+00 6.049999999999999822e+00 6.060000000000000497e+00 6.070000000000000284e+00 6.080000000000000071e+00 6.089999999999999858e+00 6.100000000000000533e+00 6.110000000000000320e+00 6.120000000000000107e+00 6.129999999999999893e+00 6.140000000000000568e+00 6.150000000000000355e+00 6.160000000000000142e+00 6.169999999999999929e+00 6.179999999999999716e+00 6.190000000000000391e+00 6.200000000000000178e+00 6.209999999999999964e+00 6.219999999999999751e+00 6.230000000000000426e+00 6.240000000000000213e+00 6.250000000000000000e+00 6.259999999999999787e+00 6.270000000000000462e+00 6.280000000000000249e+00 6.290000000000000036e+00 6.299999999999999822e+00 6.310000000000000497e+00 6.320000000000000284e+00 6.330000000000000071e+00 6.339999999999999858e+00 6.350000000000000533e+00 6.360000000000000320e+00 6.370000000000000107e+00 6.379999999999999893e+00 6.390000000000000568e+00 6.400000000000000355e+00 6.410000000000000142e+00 6.419999999999999929e+00 6.429999999999999716e+00 6.440000000000000391e+00 6.450000000000000178e+00 6.459999999999999964e+00 6.469999999999999751e+00 6.480000000000000426e+00 6.490000000000000213e+00 6.500000000000000000e+00 6.509999999999999787e+00 6.520000000000000462e+00 6.530000000000000249e+00 6.540000000000000036e+00 6.549999999999999822e+00 6.560000000000000497e+00 6.570000000000000284e+00 6.580000000000000071e+00 6.589999999999999858e+00 6.600000000000000533e+00 6.610000000000000320e+00 6.620000000000000107e+00 6.629999999999999893e+00 6.640000000000000568e+00 6.650000000000000355e+00 6.660000000000000142e+00 6.669999999999999929e+00 6.679999999999999716e+00 6.690000000000000391e+00 6.700000000000000178e+00 6.709999999999999964e+00 6.719999999999999751e+00 6.730000000000000426e+00 6.740000000000000213e+00 6.750000000000000000e+00 6.759999999999999787e+00 6.770000000000000462e+00 6.780000000000000249e+00 6.790000000000000036e+00 6.799999999999999822e+00 6.810000000000000497e+00 6.820000000000000284e+00 6.830000000000000071e+00 6.839999999999999858e+00 6.850000000000000533e+00 6.860000000000000320e+00 6.870000000000000107e+00 6.879999999999999893e+00 6.890000000000000568e+00 6.900000000000000355e+00 6.910000000000000142e+00 6.919999999999999929e+00 6.929999999999999716e+00 6.940000000000000391e+00 6.950000000000000178e+00 6.959999999999999964e+00 6.969999999999999751e+00 6.980000000000000426e+00 6.990000000000000213e+00 7.000000000000000000e+00 7.009999999999999787e+00 7.020000000000000462e+00 7.030000000000000249e+00 7.040000000000000036e+00 7.049999999999999822e+00 7.060000000000000497e+00 7.070000000000000284e+00 7.080000000000000071e+00 7.089999999999999858e+00 7.100000000000000533e+00 7.110000000000000320e+00 7.120000000000000107e+00 7.129999999999999893e+00 7.140000000000000568e+00 7.150000000000000355e+00 7.160000000000000142e+00 7.169999999999999929e+00 7.179999999999999716e+00 7.190000000000000391e+00 7.200000000000000178e+00 7.209999999999999964e+00 7.219999999999999751e+00 7.230000000000000426e+00 7.240000000000000213e+00 7.250000000000000000e+00 7.259999999999999787e+00 7.270000000000000462e+00 7.280000000000000249e+00 7.290000000000000036e+00 7.299999999999999822e+00 7.310000000000000497e+00 7.320000000000000284e+00 7.330000000000000071e+00 7.339999999999999858e+00 7.350000000000000533e+00 7.360000000000000320e+00 7.370000000000000107e+00 7.379999999999999893e+00 7.390000000000000568e+00 7.400000000000000355e+00 7.410000000000000142e+00 7.419999999999999929e+00 7.429999999999999716e+00 7.440000000000000391e+00 7.450000000000000178e+00 7.459999999999999964e+00 7.469999999999999751e+00 7.480000000000000426e+00 7.490000000000000213e+00 7.500000000000000000e+00 7.509999999999999787e+00 7.520000000000000462e+00 7.530000000000000249e+00 7.540000000000000036e+00 7.549999999999999822e+00 7.560000000000000497e+00 7.570000000000000284e+00 7.580000000000000071e+00 7.589999999999999858e+00 7.600000000000000533e+00 7.610000000000000320e+00 7.620000000000000107e+00 7.629999999999999893e+00 7.640000000000000568e+00 7.650000000000000355e+00 7.660000000000000142e+00 7.669999999999999929e+00 7.679999999999999716e+00 7.690000000000000391e+00 7.700000000000000178e+00 7.709999999999999964e+00 7.719999999999999751e+00 7.730000000000000426e+00 7.740000000000000213e+00 7.750000000000000000e+00 7.759999999999999787e+00 7.770000000000000462e+00 7.780000000000000249e+00 7.790000000000000036e+00 7.799999999999999822e+00 7.810000000000000497e+00 7.820000000000000284e+00 7.830000000000000071e+00 7.839999999999999858e+00 7.850000000000000533e+00 7.860000000000000320e+00 7.870000000000000107e+00 7.879999999999999893e+00 7.890000000000000568e+00 7.900000000000000355e+00 7.910000000000000142e+00 7.919999999999999929e+00 7.930000000000000604e+00 7.940000000000000391e+00 7.950000000000000178e+00 7.959999999999999964e+00 7.969999999999999751e+00 7.980000000000000426e+00 7.990000000000000213e+00 8.000000000000000000e+00 8.009999999999999787e+00 8.019999999999999574e+00 8.029999999999999361e+00 8.040000000000000924e+00 8.050000000000000711e+00 8.060000000000000497e+00 8.070000000000000284e+00 8.080000000000000071e+00 8.089999999999999858e+00 8.099999999999999645e+00 8.109999999999999432e+00 8.120000000000000995e+00 8.130000000000000782e+00 8.140000000000000568e+00 8.150000000000000355e+00 8.160000000000000142e+00 8.169999999999999929e+00 8.179999999999999716e+00 8.189999999999999503e+00 8.199999999999999289e+00 8.210000000000000853e+00 8.220000000000000639e+00 8.230000000000000426e+00 8.240000000000000213e+00 8.250000000000000000e+00 8.259999999999999787e+00 8.269999999999999574e+00 8.279999999999999361e+00 8.290000000000000924e+00 8.300000000000000711e+00 8.310000000000000497e+00 8.320000000000000284e+00 8.330000000000000071e+00 8.339999999999999858e+00 8.349999999999999645e+00 8.359999999999999432e+00 8.370000000000000995e+00 8.380000000000000782e+00 8.390000000000000568e+00 8.400000000000000355e+00 8.410000000000000142e+00 8.419999999999999929e+00 8.429999999999999716e+00 8.439999999999999503e+00 8.449999999999999289e+00 8.460000000000000853e+00 8.470000000000000639e+00 8.480000000000000426e+00 8.490000000000000213e+00 8.500000000000000000e+00 8.509999999999999787e+00 8.519999999999999574e+00 8.529999999999999361e+00 8.540000000000000924e+00 8.550000000000000711e+00 8.560000000000000497e+00 8.570000000000000284e+00 8.580000000000000071e+00 8.589999999999999858e+00 8.599999999999999645e+00 8.609999999999999432e+00 8.620000000000000995e+00 8.630000000000000782e+00 8.640000000000000568e+00 8.650000000000000355e+00 8.660000000000000142e+00 8.669999999999999929e+00 8.679999999999999716e+00 8.689999999999999503e+00 8.700000000000001066e+00 8.710000000000000853e+00 8.720000000000000639e+00 8.730000000000000426e+00 8.740000000000000213e+00 8.750000000000000000e+00 8.759999999999999787e+00 8.769999999999999574e+00 8.779999999999999361e+00 8.790000000000000924e+00 8.800000000000000711e+00 8.810000000000000497e+00 8.820000000000000284e+00 8.830000000000000071e+00 8.839999999999999858e+00 8.849999999999999645e+00 8.859999999999999432e+00 8.870000000000000995e+00 8.880000000000000782e+00 8.890000000000000568e+00 8.900000000000000355e+00 8.910000000000000142e+00 8.919999999999999929e+00 8.929999999999999716e+00 8.939999999999999503e+00 8.950000000000001066e+00 8.960000000000000853e+00 8.970000000000000639e+00 8.980000000000000426e+00 8.990000000000000213e+00 9.000000000000000000e+00 9.009999999999999787e+00 9.019999999999999574e+00 9.029999999999999361e+00 9.040000000000000924e+00 9.050000000000000711e+00 9.060000000000000497e+00 9.070000000000000284e+00 9.080000000000000071e+00 9.089999999999999858e+00 9.099999999999999645e+00 9.109999999999999432e+00 9.120000000000000995e+00 9.130000000000000782e+00 9.140000000000000568e+00 9.150000000000000355e+00 9.160000000000000142e+00 9.169999999999999929e+00 9.179999999999999716e+00 9.189999999999999503e+00 9.200000000000001066e+00 9.210000000000000853e+00 9.220000000000000639e+00 9.230000000000000426e+00 9.240000000000000213e+00 9.250000000000000000e+00 9.259999999999999787e+00 9.269999999999999574e+00 9.279999999999999361e+00 9.290000000000000924e+00 9.300000000000000711e+00 9.310000000000000497e+00 9.320000000000000284e+00 9.330000000000000071e+00 9.339999999999999858e+00 9.349999999999999645e+00 9.359999999999999432e+00 9.370000000000000995e+00 9.380000000000000782e+00 9.390000000000000568e+00 9.400000000000000355e+00 9.410000000000000142e+00 9.419999999999999929e+00 9.429999999999999716e+00 9.439999999999999503e+00 9.450000000000001066e+00 9.460000000000000853e+00 9.470000000000000639e+00 9.480000000000000426e+00 9.490000000000000213e+00 9.500000000000000000e+00 9.509999999999999787e+00 9.519999999999999574e+00 9.529999999999999361e+00 9.540000000000000924e+00 9.550000000000000711e+00 9.560000000000000497e+00 9.570000000000000284e+00 9.580000000000000071e+00 9.589999999999999858e+00 9.599999999999999645e+00 9.609999999999999432e+00 9.620000000000000995e+00 9.630000000000000782e+00 9.640000000000000568e+00 9.650000000000000355e+00 9.660000000000000142e+00 9.669999999999999929e+00 9.679999999999999716e+00 9.689999999999999503e+00 9.700000000000001066e+00 9.710000000000000853e+00 9.720000000000000639e+00 9.730000000000000426e+00 9.740000000000000213e+00 9.750000000000000000e+00 9.759999999999999787e+00 9.769999999999999574e+00 9.779999999999999361e+00 9.790000000000000924e+00 9.800000000000000711e+00 9.810000000000000497e+00 9.820000000000000284e+00 9.830000000000000071e+00 9.839999999999999858e+00 9.849999999999999645e+00 9.859999999999999432e+00 9.870000000000000995e+00 9.880000000000000782e+00 9.890000000000000568e+00 9.900000000000000355e+00 9.910000000000000142e+00 9.919999999999999929e+00 9.929999999999999716e+00 9.939999999999999503e+00 9.950000000000001066e+00 9.960000000000000853e+00 9.970000000000000639e+00 9.980000000000000426e+00 9.990000000000000213e+00 1.000000000000000000e+01 1.000999999999999979e+01 1.001999999999999957e+01 1.002999999999999936e+01 1.004000000000000092e+01 1.005000000000000071e+01 1.006000000000000050e+01 1.007000000000000028e+01 1.008000000000000007e+01 1.008999999999999986e+01 1.009999999999999964e+01 1.010999999999999943e+01 1.012000000000000099e+01 1.013000000000000078e+01 1.014000000000000057e+01 1.015000000000000036e+01 1.016000000000000014e+01 1.016999999999999993e+01 1.017999999999999972e+01 1.018999999999999950e+01 1.020000000000000107e+01 1.021000000000000085e+01 1.022000000000000064e+01 1.023000000000000043e+01 1.024000000000000021e+01 1.025000000000000000e+01 1.025999999999999979e+01 1.026999999999999957e+01 1.027999999999999936e+01 1.029000000000000092e+01 1.030000000000000071e+01 1.031000000000000050e+01 1.032000000000000028e+01 1.033000000000000007e+01 1.033999999999999986e+01 1.034999999999999964e+01 1.035999999999999943e+01 1.037000000000000099e+01 1.038000000000000078e+01 1.039000000000000057e+01 1.040000000000000036e+01 1.041000000000000014e+01 1.041999999999999993e+01 1.042999999999999972e+01 1.043999999999999950e+01 1.045000000000000107e+01 1.046000000000000085e+01 1.047000000000000064e+01 1.048000000000000043e+01 1.049000000000000021e+01 1.050000000000000000e+01 1.050999999999999979e+01 1.051999999999999957e+01 1.052999999999999936e+01 1.054000000000000092e+01 1.055000000000000071e+01 1.056000000000000050e+01 1.057000000000000028e+01 1.058000000000000007e+01 1.058999999999999986e+01 1.059999999999999964e+01 1.060999999999999943e+01 1.062000000000000099e+01 1.063000000000000078e+01 1.064000000000000057e+01 1.065000000000000036e+01 1.066000000000000014e+01 1.066999999999999993e+01 1.067999999999999972e+01 1.068999999999999950e+01 1.070000000000000107e+01 1.071000000000000085e+01 1.072000000000000064e+01 1.073000000000000043e+01 1.074000000000000021e+01 1.075000000000000000e+01 1.075999999999999979e+01 1.076999999999999957e+01 1.077999999999999936e+01 1.079000000000000092e+01 1.080000000000000071e+01 1.081000000000000050e+01 1.082000000000000028e+01 1.083000000000000007e+01 1.083999999999999986e+01 1.084999999999999964e+01 1.085999999999999943e+01 1.087000000000000099e+01 1.088000000000000078e+01 1.089000000000000057e+01 1.090000000000000036e+01 1.091000000000000014e+01 1.091999999999999993e+01 1.092999999999999972e+01 1.093999999999999950e+01 1.095000000000000107e+01 1.096000000000000085e+01 1.097000000000000064e+01 1.098000000000000043e+01 1.099000000000000021e+01 1.100000000000000000e+01 1.100999999999999979e+01 1.101999999999999957e+01 1.102999999999999936e+01 1.104000000000000092e+01 1.105000000000000071e+01 1.106000000000000050e+01 1.107000000000000028e+01 1.108000000000000007e+01 1.108999999999999986e+01 1.109999999999999964e+01 1.110999999999999943e+01 1.112000000000000099e+01 1.113000000000000078e+01 1.114000000000000057e+01 1.115000000000000036e+01 1.116000000000000014e+01 1.116999999999999993e+01 1.117999999999999972e+01 1.118999999999999950e+01 1.120000000000000107e+01 1.121000000000000085e+01 1.122000000000000064e+01 1.123000000000000043e+01 1.124000000000000021e+01 1.125000000000000000e+01 1.125999999999999979e+01 1.126999999999999957e+01 1.127999999999999936e+01 1.129000000000000092e+01 1.130000000000000071e+01 1.131000000000000050e+01 1.132000000000000028e+01 1.133000000000000007e+01 1.133999999999999986e+01 1.134999999999999964e+01 1.135999999999999943e+01 1.137000000000000099e+01 1.138000000000000078e+01 1.139000000000000057e+01 1.140000000000000036e+01 1.141000000000000014e+01 1.141999999999999993e+01 1.142999999999999972e+01 1.143999999999999950e+01 1.145000000000000107e+01 1.146000000000000085e+01 1.147000000000000064e+01 1.148000000000000043e+01 1.149000000000000021e+01 1.150000000000000000e+01 1.150999999999999979e+01 1.151999999999999957e+01 1.152999999999999936e+01 1.154000000000000092e+01 1.155000000000000071e+01 1.156000000000000050e+01 1.157000000000000028e+01 1.158000000000000007e+01 1.158999999999999986e+01 1.159999999999999964e+01 1.160999999999999943e+01 1.162000000000000099e+01 1.163000000000000078e+01 1.164000000000000057e+01 1.165000000000000036e+01 1.166000000000000014e+01 1.166999999999999993e+01 1.167999999999999972e+01 1.168999999999999950e+01 1.170000000000000107e+01 1.171000000000000085e+01 1.172000000000000064e+01 1.173000000000000043e+01 1.174000000000000021e+01 1.175000000000000000e+01 1.175999999999999979e+01 1.176999999999999957e+01 1.177999999999999936e+01 1.179000000000000092e+01 1.180000000000000071e+01 1.181000000000000050e+01 1.182000000000000028e+01 1.183000000000000007e+01 1.183999999999999986e+01 1.184999999999999964e+01 1.185999999999999943e+01 1.187000000000000099e+01 1.188000000000000078e+01 1.189000000000000057e+01 1.190000000000000036e+01 1.191000000000000014e+01 1.191999999999999993e+01 1.192999999999999972e+01 1.193999999999999950e+01 1.195000000000000107e+01 1.196000000000000085e+01 1.197000000000000064e+01 1.198000000000000043e+01 1.199000000000000021e+01 1.200000000000000000e+01
-8.054678984251694374e+00 -8.054678984251680163e+00 -8.054678984251671281e+00 -8.054678984251662399e+00 -8.054678984251646412e+00 -8.054678984251639307e+00 -8.054678984251617990e+00 -8.054678984251605556e+00 -8.054678984251594898e+00 -8.054678984251584239e+00 -8.054678984251570029e+00 -8.054678984251559370e+00 -8.054678984251545160e+00 -8.054678984251534501e+00 -8.054678984251518514e+00 -8.054678984251509632e+00 -8.054678984251500751e+00 -8.054678984251488316e+00 -8.054678984251474105e+00 -8.054678984251465224e+00 -8.054678984251447460e+00 -8.054678984251433249e+00 -8.054678984251424367e+00 -8.054678984251415486e+00 -8.054678984251399498e+00 -8.054678984251385288e+00 -8.054678984251369300e+00 -8.054678984251362195e+00 -8.054678984251356866e+00 -8.054678984251340879e+00 -8.054678984251328444e+00 -8.054678984251314233e+00 -8.054678984251303575e+00 -8.054678984251284035e+00 -8.054678984251278706e+00 -8.054678984251264495e+00 -8.054678984251250284e+00 -8.054678984251234297e+00 -8.054678984251228968e+00 -8.054678984251216534e+00 -8.054678984251204099e+00 -8.054678984251195217e+00 -8.054678984251177454e+00 -8.054678984251163243e+00 -8.054678984251154361e+00 -8.054678984251141927e+00 -8.054678984251127716e+00 -8.054678984251118834e+00 -8.054678984251106399e+00 -8.054678984251088636e+00 -8.054678984251083307e+00 -8.054678984251063767e+00 -8.054678984251056661e+00 -8.054678984251046003e+00 -8.054678984251031792e+00 -8.054678984251019358e+00 -8.054678984251008700e+00 -8.054678984250987384e+00 -8.054678984250980278e+00 -8.054678984250971396e+00 -8.054678984250951856e+00 -8.054678984250942975e+00 -8.054678984250932317e+00 -8.054678984250921658e+00 -8.054678984250902118e+00 -8.054678984250896789e+00 -8.054678984250877249e+00 -8.054678984250866591e+00 -8.054678984250863039e+00 -8.054678984250847051e+00 -8.054678984250827511e+00 -8.054678984250820406e+00 -8.054678984250809748e+00 -8.054678984250795537e+00 -8.054678984250786655e+00 -8.054678984250772444e+00 -8.054678984250756457e+00 -8.054678984250749352e+00 -8.054678984250738694e+00 -8.054678984250722706e+00 -8.054678984250712048e+00 -8.054678984250701390e+00 -8.054678984250685403e+00 -8.054678984250671192e+00 -8.054678984250655205e+00 -8.054678984250649876e+00 -8.054678984250635665e+00 -8.054678984250621454e+00 -8.054678984250612572e+00 -8.054678984250593032e+00 -8.054678984250584151e+00 -8.054678984250573492e+00 -8.054678984250564611e+00 -8.054678984250550400e+00 -8.054678984250537965e+00 -8.054678984250520202e+00 -8.054678984250513096e+00 -8.054678984250502438e+00 -8.054678984250493556e+00 -8.054678984250477569e+00 -8.054678984250465135e+00 -8.054678984250452700e+00 -8.054678984250438489e+00 -8.054678984250420726e+00 -8.054678984250411844e+00 -8.054678984250402962e+00 -8.054678984250392304e+00 -8.054678984250372764e+00 -8.054678984250363882e+00 -8.054678984250362106e+00 -8.054678984250344342e+00 -8.054678984250333684e+00 -8.054678984250323026e+00 -8.054678984250307039e+00 -8.054678984250287499e+00 -8.054678984250275064e+00 -8.054678984250269735e+00 -8.054678984250253748e+00 -8.054678984250237761e+00 -8.054678984250234208e+00 -8.054678984250212892e+00 -8.054678984250209339e+00 -8.054678984250195128e+00 -8.054678984250184470e+00 -8.054678984250170259e+00 -8.054678984250159601e+00 -8.054678984250140061e+00 -8.054678984250127627e+00 -8.054678984250120521e+00 -8.054678984250109863e+00 -8.054678984250099205e+00 -8.054678984250084994e+00 -8.054678984250063678e+00 -8.054678984250051244e+00 -8.054678984250038809e+00 -8.054678984250031704e+00 -8.054678984250021045e+00 -8.054678984250003282e+00 -8.054678984249990847e+00 -8.054678984249989071e+00 -8.054678984249965978e+00 -8.054678984249955320e+00 -8.054678984249942886e+00 -8.054678984249935780e+00 -8.054678984249926899e+00 -8.054678984249907359e+00 -8.054678984249896700e+00 -8.054678984249889595e+00 -8.054678984249866502e+00 -8.054678984249857621e+00 -8.054678984249848739e+00 -8.054678984249841633e+00 -8.054678984249825646e+00 -8.054678984249806106e+00 -8.054678984249793672e+00 -8.054678984249786566e+00 -8.054678984249774132e+00 -8.054678984249767026e+00 -8.054678984249751039e+00 -8.054678984249742157e+00 -8.054678984249727947e+00 -8.054678984249713736e+00 -8.054678984249703078e+00 -8.054678984249685314e+00 -8.054678984249672880e+00 -8.054678984249653340e+00 -8.054678984249653340e+00 -8.054678984249635576e+00 -8.054678984249626694e+00 -8.054678984249616036e+00 -8.054678984249607154e+00 -8.054678984249585838e+00 -8.054678984249576956e+00 -8.054678984249564522e+00 -8.054678984249548535e+00 -8.054678984249532547e+00 -8.054678984249532547e+00 -8.054678984249518336e+00 -8.054678984249500573e+00 -8.054678984249489915e+00 -8.054678984249479257e+00 -8.054678984249465046e+00 -8.054678984249449059e+00 -8.054678984249443729e+00 -8.054678984249433071e+00 -8.054678984249413531e+00 -8.054678984249402873e+00 -8.054678984249386886e+00 -8.054678984249372675e+00 -8.054678984249362017e+00 -8.054678984249360241e+00 -8.054678984249338924e+00 -8.054678984249331819e+00 -8.054678984249317608e+00 -8.054678984249303397e+00 -8.054678984249294516e+00 -8.054678984249283857e+00 -8.054678984249271423e+00 -8.054678984249251883e+00 -8.054678984249244778e+00 -8.054678984249232343e+00 -8.054678984249218132e+00 -8.054678984249212803e+00 -8.054678984249193263e+00 -8.054678984249180829e+00 -8.054678984249171947e+00 -8.054678984249157736e+00 -8.054678984249136420e+00 -8.054678984249131091e+00 -8.054678984249120433e+00 -8.054678984249102669e+00 -8.054678984249095564e+00 -8.054678984249086682e+00 -8.054678984249070695e+00 -8.054678984249061813e+00 -8.054678984249045826e+00 -8.054678984249036944e+00 -8.054678984249022733e+00 -8.054678984249010298e+00 -8.054678984248999640e+00 -8.054678984248981877e+00 -8.054678984248976548e+00 -8.054678984248960560e+00 -8.054678984248942797e+00 -8.054678984248933915e+00 -8.054678984248928586e+00 -8.054678984248909046e+00 -8.054678984248896612e+00 -8.054678984248880624e+00 -8.054678984248875295e+00 -8.054678984248861084e+00 -8.054678984248850426e+00 -8.054678984248832663e+00 -8.054678984248823781e+00 -8.054678984248813123e+00 -8.054678984248800688e+00 -8.054678984248790030e+00 -8.054678984248781148e+00 -8.054678984248766938e+00 -8.054678984248749174e+00 -8.054678984248740292e+00 -8.054678984248726081e+00 -8.054678984248715423e+00 -8.054678984248702989e+00 -8.054678984248695883e+00 -8.054678984248678120e+00 -8.054678984248663909e+00 -8.054678984248647922e+00 -8.054678984248640816e+00 -8.054678984248624829e+00 -8.054678984248612394e+00 -8.054678984248601736e+00 -8.054678984248591078e+00 -8.054678984248580420e+00 -8.054678984248564433e+00 -8.054678984248553775e+00 -8.054678984248536011e+00 -8.054678984248523577e+00 -8.054678984248512918e+00 -8.054678984248504037e+00 -8.054678984248489826e+00 -8.054678984248479168e+00 -8.054678984248466733e+00 -8.054678984248456075e+00 -8.054678984248443641e+00 -8.054678984248434759e+00 -8.054678984248416995e+00 -8.054678984248404561e+00 -8.054678984248395679e+00 -8.054678984248385021e+00 -8.054678984248369034e+00 -8.054678984248354823e+00 -8.054678984248345941e+00 -8.054678984248331730e+00 -8.054678984248317519e+00 -8.054678984248305085e+00 -8.054678984248292650e+00 -8.054678984248281992e+00 -8.054678984248271334e+00 -8.054678984248257123e+00 -8.054678984248244689e+00 -8.054678984248230478e+00 -8.054678984248219820e+00 -8.054678984248210938e+00 -8.054678984248191398e+00 -8.054678984248184292e+00 -8.054678984248173634e+00 -8.054678984248159423e+00 -8.054678984248145213e+00 -8.054678984248134554e+00 -8.054678984248118567e+00 -8.054678984248113238e+00 -8.054678984248102580e+00 -8.054678984248091922e+00 -8.054678984248070606e+00 -8.054678984248061724e+00 -8.054678984248051066e+00 -8.054678984248042184e+00 -8.054678984248022644e+00 -8.054678984248013762e+00 -8.054678984248001328e+00 -8.054678984247985341e+00 -8.054678984247974682e+00 -8.054678984247962248e+00 -8.054678984247949813e+00 -8.054678984247942708e+00 -8.054678984247928497e+00 -8.054678984247914286e+00 -8.054678984247898299e+00 -8.054678984247889417e+00 -8.054678984247876983e+00 -8.054678984247869877e+00 -8.054678984247853890e+00 -8.054678984247845008e+00 -8.054678984247825468e+00 -8.054678984247805928e+00 -8.054678984247795270e+00 -8.054678984247786389e+00 -8.054678984247779283e+00 -8.054678984247763296e+00 -8.054678984247749085e+00 -8.054678984247734874e+00 -8.054678984247724216e+00 -8.054678984247718887e+00 -8.054678984247706452e+00 -8.054678984247686913e+00 -8.054678984247678031e+00 -8.054678984247672702e+00 -8.054678984247656715e+00 -8.054678984247644280e+00 -8.054678984247633622e+00 -8.054678984247621187e+00 -8.054678984247606977e+00 -8.054678984247596318e+00 -8.054678984247571449e+00 -8.054678984247564344e+00 -8.054678984247550133e+00 -8.054678984247548357e+00 -8.054678984247530593e+00 -8.054678984247516382e+00 -8.054678984247509277e+00 -8.054678984247502171e+00 -8.054678984247479079e+00 -8.054678984247466644e+00 -8.054678984247463092e+00 -8.054678984247436446e+00 -8.054678984247436446e+00 -8.054678984247424012e+00 -8.054678984247408025e+00 -8.054678984247395590e+00 -8.054678984247383156e+00 -8.054678984247368945e+00 -8.054678984247363616e+00 -8.054678984247347628e+00 -8.054678984247333418e+00 -8.054678984247313878e+00 -8.054678984247306772e+00 -8.054678984247296114e+00 -8.054678984247276574e+00 -8.054678984247276574e+00 -8.054678984247260587e+00 -8.054678984247249929e+00 -8.054678984247232165e+00 -8.054678984247219731e+00 -8.054678984247207296e+00 -8.054678984247200191e+00 -8.054678984247189533e+00 -8.054678984247178875e+00 -8.054678984247162887e+00 -8.054678984247145124e+00 -8.054678984247145124e+00 -8.054678984247125584e+00 -8.054678984247120255e+00 -8.054678984247098938e+00 -8.054678984247088280e+00 -8.054678984247075846e+00 -8.054678984247059859e+00 -8.054678984247043871e+00 -8.054678984247034990e+00 -8.054678984247019002e+00 -8.054678984247010121e+00 -8.054678984247006568e+00 -8.054678984246988804e+00 -8.054678984246971041e+00 -8.054678984246963935e+00 -8.054678984246951501e+00 -8.054678984246939066e+00 -8.054678984246928408e+00 -8.054678984246910645e+00 -8.054678984246901763e+00 -8.054678984246892881e+00 -8.054678984246880447e+00 -8.054678984246868012e+00 -8.054678984246846696e+00 -8.054678984246837814e+00 -8.054678984246827156e+00 -8.054678984246812945e+00 -8.054678984246805840e+00 -8.054678984246793405e+00 -8.054678984246786300e+00 -8.054678984246766760e+00 -8.054678984246756102e+00 -8.054678984246745443e+00 -8.054678984246729456e+00 -8.054678984246717022e+00 -8.054678984246701035e+00 -8.054678984246692153e+00 -8.054678984246676166e+00 -8.054678984246667284e+00 -8.054678984246658402e+00 -8.054678984246642415e+00 -8.054678984246635309e+00 -8.054678984246612217e+00 -8.054678984246606888e+00 -8.054678984246592677e+00 -8.054678984246580242e+00 -8.054678984246567808e+00 -8.054678984246560702e+00 -8.054678984246544715e+00 -8.054678984246523399e+00 -8.054678984246521622e+00 -8.054678984246498530e+00 -8.054678984246487872e+00 -8.054678984246482543e+00 -8.054678984246468332e+00 -8.054678984246463003e+00 -8.054678984246445239e+00 -8.054678984246432805e+00 -8.054678984246418594e+00 -8.054678984246407936e+00 -8.054678984246397278e+00 -8.054678984246390172e+00 -8.054678984246367079e+00 -8.054678984246354645e+00 -8.054678984246347540e+00 -8.054678984246328000e+00 -8.054678984246329776e+00 -8.054678984246308460e+00 -8.054678984246297802e+00 -8.054678984246288920e+00 -8.054678984246278262e+00 -8.054678984246260498e+00 -8.054678984246255169e+00 -8.054678984246233853e+00 -8.054678984246223195e+00 -8.054678984246203655e+00 -8.054678984246194773e+00 -8.054678984246180562e+00 -8.054678984246171680e+00 -8.054678984246159246e+00 -8.054678984246146811e+00 -8.054678984246136153e+00 -8.054678984246129048e+00 -8.054678984246114837e+00 -8.054678984246100626e+00 -8.054678984246084639e+00 -8.054678984246068651e+00 -8.054678984246065099e+00 -8.054678984246043782e+00 -8.054678984246034901e+00 -8.054678984246026019e+00 -8.054678984246008255e+00 -8.054678984246002926e+00 -8.054678984245983386e+00 -8.054678984245972728e+00 -8.054678984245963846e+00 -8.054678984245947859e+00 -8.054678984245940754e+00 -8.054678984245926543e+00 -8.054678984245919438e+00 -8.054678984245908779e+00 -8.054678984245892792e+00 -8.054678984245882134e+00 -8.054678984245857265e+00 -8.054678984245853712e+00 -8.054678984245841278e+00 -8.054678984245825291e+00 -8.054678984245816409e+00 -8.054678984245805751e+00 -8.054678984245791540e+00 -8.054678984245780882e+00 -8.054678984245764894e+00 -8.054678984245759565e+00 -8.054678984245747131e+00 -8.054678984245734696e+00 -8.054678984245720486e+00 -8.054678984245704498e+00 -8.054678984245693840e+00 -8.054678984245686735e+00 -8.054678984245670748e+00 -8.054678984245665418e+00 -8.054678984245640549e+00 -8.054678984245631668e+00 -8.054678984245615680e+00 -8.054678984245606799e+00 -8.054678984245601470e+00 -8.054678984245583706e+00 -8.054678984245565943e+00 -8.054678984245551732e+00 -8.054678984245542850e+00 -8.054678984245537521e+00 -8.054678984245521534e+00 -8.054678984245507323e+00 -8.054678984245496665e+00 -8.054678984245480677e+00 -8.054678984245473572e+00 -8.054678984245459361e+00 -8.054678984245448703e+00 -8.054678984245436268e+00 -8.054678984245416729e+00 -8.054678984245413176e+00 -8.054678984245400741e+00 -8.054678984245390083e+00 -8.054678984245374096e+00 -8.054678984245356332e+00 -8.054678984245349227e+00 -8.054678984245335016e+00 -8.054678984245319029e+00 -8.054678984245315476e+00 -8.054678984245299489e+00 -8.054678984245287054e+00 -8.054678984245278173e+00 -8.054678984245267515e+00 -8.054678984245251527e+00 -8.054678984245240869e+00 -8.054678984245221329e+00 -8.054678984245210671e+00 -8.054678984245203566e+00 -8.054678984245185802e+00 -8.054678984245175144e+00 -8.054678984245168039e+00 -8.054678984245148499e+00 -8.054678984245139617e+00 -8.054678984245123630e+00 -8.054678984245118301e+00 -8.054678984245105866e+00 -8.054678984245091655e+00 -8.054678984245080997e+00 -8.054678984245072115e+00 -8.054678984245057904e+00 -8.054678984245038365e+00 -8.054678984245025930e+00 -8.054678984245017048e+00 -8.054678984245009943e+00 -8.054678984245002837e+00 -8.054678984244979745e+00 -8.054678984244967310e+00 -8.054678984244954876e+00 -8.054678984244938889e+00 -8.054678984244931783e+00 -8.054678984244914020e+00 -8.054678984244910467e+00 -8.054678984244894480e+00 -8.054678984244882045e+00 -8.054678984244873163e+00 -8.054678984244857176e+00 -8.054678984244839413e+00 -8.054678984244828754e+00 -8.054678984244819873e+00 -8.054678984244809214e+00 -8.054678984244791451e+00 -8.054678984244780793e+00 -8.054678984244771911e+00 -8.054678984244757700e+00 -8.054678984244748818e+00 -8.054678984244732831e+00 -8.054678984244722173e+00 -8.054678984244711515e+00 -8.054678984244700857e+00 -8.054678984244683093e+00 -8.054678984244672435e+00 -8.054678984244661777e+00 -8.054678984244649342e+00 -8.054678984244633355e+00 -8.054678984244626250e+00 -8.054678984244606710e+00 -8.054678984244599604e+00 -8.054678984244587170e+00 -8.054678984244572959e+00 -8.054678984244567630e+00 -8.054678984244551643e+00 -8.054678984244539208e+00 -8.054678984244528550e+00 -8.054678984244510787e+00 -8.054678984244500128e+00 -8.054678984244491247e+00 -8.054678984244477036e+00 -8.054678984244461049e+00 -8.054678984244452167e+00 -8.054678984244443285e+00 -8.054678984244421969e+00 -8.054678984244414863e+00 -8.054678984244402429e+00 -8.054678984244389994e+00 -8.054678984244374007e+00 -8.054678984244363349e+00 -8.054678984244349138e+00 -8.054678984244342033e+00 -8.054678984244327822e+00 -8.054678984244317164e+00 -8.054678984244304729e+00 -8.054678984244288742e+00 -8.054678984244278084e+00 -8.054678984244269202e+00 -8.054678984244254991e+00 -8.054678984244240780e+00 -8.054678984244224793e+00 -8.054678984244221240e+00 -8.054678984244201700e+00 -8.054678984244194595e+00 -8.054678984244176831e+00 -8.054678984244166173e+00 -8.054678984244150186e+00 -8.054678984244141304e+00 -8.054678984244130646e+00 -8.054678984244112883e+00 -8.054678984244105777e+00 -8.054678984244100448e+00 -8.054678984244080908e+00 -8.054678984244072026e+00 -8.054678984244054263e+00 -8.054678984244041828e+00 -8.054678984244032947e+00 -8.054678984244015183e+00 -8.054678984244006301e+00 -8.054678984243992090e+00 -8.054678984243984985e+00 -8.054678984243972550e+00 -8.054678984243953010e+00 -8.054678984243949458e+00 -8.054678984243931694e+00 -8.054678984243917483e+00 -8.054678984243903272e+00 -8.054678984243896167e+00 -8.054678984243883733e+00 -8.054678984243869522e+00 -8.054678984243858864e+00 -8.054678984243851758e+00 -8.054678984243835771e+00 -8.054678984243819784e+00 -8.054678984243812678e+00 -8.054678984243796691e+00 -8.054678984243787809e+00 -8.054678984243773598e+00 -8.054678984243770046e+00 -8.054678984243750506e+00 -8.054678984243734519e+00 -8.054678984243722084e+00 -8.054678984243716755e+00 -8.054678984243702544e+00 -8.054678984243684781e+00 -8.054678984243668793e+00 -8.054678984243665241e+00 -8.054678984243645701e+00 -8.054678984243635043e+00 -8.054678984243631490e+00 -8.054678984243615503e+00 -8.054678984243599515e+00 -8.054678984243590634e+00 -8.054678984243576423e+00 -8.054678984243569317e+00 -8.054678984243549777e+00 -8.054678984243539119e+00 -8.054678984243521356e+00 -8.054678984243507145e+00 -8.054678984243500039e+00 -8.054678984243485829e+00 -8.054678984243480500e+00 -8.054678984243462736e+00 -8.054678984243459183e+00 -8.054678984243444972e+00 -8.054678984243432538e+00 -8.054678984243412998e+00 -8.054678984243404116e+00 -8.054678984243386353e+00 -8.054678984243373918e+00 -8.054678984243365036e+00 -8.054678984243354378e+00 -8.054678984243341944e+00 -8.054678984243333062e+00 -8.054678984243309969e+00 -8.054678984243301088e+00 -8.054678984243290429e+00 -8.054678984243285100e+00 -8.054678984243267337e+00 -8.054678984243256679e+00 -8.054678984243246020e+00 -8.054678984243235362e+00 -8.054678984243219375e+00 -8.054678984243205164e+00 -8.054678984243189177e+00 -8.054678984243176743e+00 -8.054678984243174966e+00 -8.054678984243155426e+00 -8.054678984243144768e+00 -8.054678984243127005e+00 -8.054678984243123452e+00 -8.054678984243109241e+00 -8.054678984243095030e+00 -8.054678984243086148e+00 -8.054678984243075490e+00 -8.054678984243059503e+00 -8.054678984243047069e+00 -8.054678984243034634e+00 -8.054678984243013318e+00 -8.054678984243004436e+00 -8.054678984242993778e+00 -8.054678984242988449e+00 -8.054678984242970685e+00 -8.054678984242965356e+00 -8.054678984242944040e+00 -8.054678984242931605e+00 -8.054678984242926276e+00 -8.054678984242908513e+00 -8.054678984242896078e+00 -8.054678984242885420e+00 -8.054678984242871209e+00 -8.054678984242864104e+00 -8.054678984242855222e+00 -8.054678984242835682e+00 -8.054678984242828577e+00 -8.054678984242810813e+00 -8.054678984242798379e+00 -8.054678984242793049e+00 -8.054678984242773510e+00 -8.054678984242762851e+00 -8.054678984242750417e+00 -8.054678984242734430e+00 -8.054678984242720219e+00 -8.054678984242709561e+00 -8.054678984242706008e+00 -8.054678984242693573e+00 -8.054678984242684692e+00 -8.054678984242665152e+00 -8.054678984242654494e+00 -8.054678984242642059e+00 -8.054678984242627848e+00 -8.054678984242618967e+00 -8.054678984242602979e+00 -8.054678984242595874e+00 -8.054678984242579887e+00 -8.054678984242565676e+00 -8.054678984242558570e+00 -8.054678984242547912e+00 -8.054678984242528372e+00 -8.054678984242517714e+00 -8.054678984242507056e+00 -8.054678984242487516e+00 -8.054678984242473305e+00 -8.054678984242462647e+00 -8.054678984242448436e+00 -8.054678984242441331e+00 -8.054678984242436002e+00 -8.054678984242420015e+00 -8.054678984242409356e+00 -8.054678984242391593e+00 -8.054678984242373829e+00 -8.054678984242366724e+00 -8.054678984242357842e+00 -8.054678984242343631e+00 -8.054678984242332973e+00 -8.054678984242315209e+00 -8.054678984242306328e+00 -8.054678984242297446e+00 -8.054678984242281459e+00 -8.054678984242270801e+00 -8.054678984242261919e+00 -8.054678984242244155e+00 -8.054678984242229944e+00 -8.054678984242222839e+00 -8.054678984242208628e+00 -8.054678984242192641e+00 -8.054678984242180206e+00 -8.054678984242169548e+00 -8.054678984242165996e+00 -8.054678984242148232e+00 -8.054678984242126916e+00 -8.054678984242116258e+00 -8.054678984242109152e+00 -8.054678984242093165e+00 -8.054678984242086059e+00 -8.054678984242071849e+00 -8.054678984242062967e+00 -8.054678984242050532e+00 -8.054678984242032769e+00 -8.054678984242018558e+00 -8.054678984242006123e+00 -8.054678984241995465e+00 -8.054678984241988360e+00 -8.054678984241974149e+00 -8.054678984241970596e+00 -8.054678984241945727e+00 -8.054678984241931516e+00 -8.054678984241927964e+00 -8.054678984241913753e+00 -8.054678984241895989e+00 -8.054678984241897766e+00 -8.054678984241878226e+00 -8.054678984241864015e+00 -8.054678984241851580e+00 -8.054678984241835593e+00 -8.054678984241832040e+00 -8.054678984241812500e+00 -8.054678984241803619e+00 -8.054678984241792961e+00 -8.054678984241778750e+00 -8.054678984241768092e+00 -8.054678984241748552e+00 -8.054678984241739670e+00 -8.054678984241730788e+00 -8.054678984241714801e+00 -8.054678984241700590e+00 -8.054678984241688156e+00 -8.054678984241681050e+00 -8.054678984241661510e+00 -8.054678984241650852e+00 -8.054678984241641970e+00 -8.054678984241624207e+00 -8.054678984241622430e+00 -8.054678984241606443e+00 -8.054678984241595785e+00 -8.054678984241585127e+00 -8.054678984241570916e+00 -8.054678984241556705e+00 -8.054678984241544271e+00 -8.054678984241533612e+00 -8.054678984241519402e+00 -8.054678984241501638e+00 -8.054678984241492756e+00 -8.054678984241485651e+00 -8.054678984241467887e+00 -8.054678984241457229e+00 -8.054678984241443018e+00 -8.054678984241428807e+00 -8.054678984241423478e+00 -8.054678984241411044e+00 -8.054678984241396833e+00 -8.054678984241387951e+00 -8.054678984241373740e+00 -8.054678984241361306e+00 -8.054678984241347095e+00 -8.054678984241336437e+00 -8.054678984241318673e+00 -8.054678984241308015e+00 -8.054678984241292028e+00 -8.054678984241292028e+00 -8.054678984241272488e+00 -8.054678984241258277e+00 -8.054678984241247619e+00 -8.054678984241238737e+00 -8.054678984241226303e+00 -8.054678984241210316e+00 -8.054678984241203210e+00 -8.054678984241187223e+00 -8.054678984241169459e+00 -8.054678984241165907e+00 -8.054678984241148143e+00 -8.054678984241139261e+00 -8.054678984241126827e+00 -8.054678984241109063e+00 -8.054678984241096629e+00 -8.054678984241091300e+00 -8.054678984241078865e+00 -8.054678984241064654e+00 -8.054678984241052220e+00 -8.054678984241039785e+00 -8.054678984241027351e+00 -8.054678984241009587e+00 -8.054678984241000705e+00 -8.054678984240991824e+00 -8.054678984240975836e+00 -8.054678984240963402e+00 -8.054678984240952744e+00 -8.054678984240940309e+00 -8.054678984240924322e+00 -8.054678984240913664e+00 -8.054678984240904782e+00 -8.054678984240894124e+00 -8.054678984240881690e+00 -8.054678984240863926e+00 -8.054678984240855044e+00 -8.054678984240846162e+00 -8.054678984240830175e+00 -8.054678984240815964e+00 -8.054678984240807083e+00 -8.054678984240789319e+00 -8.054678984240775108e+00 -8.054678984240773332e+00 -8.054678984240755568e+00 -8.054678984240739581e+00 -8.054678984240732476e+00 -8.054678984240718265e+00 -8.054678984240711159e+00 -8.054678984240696948e+00 -8.054678984240682738e+00 -8.054678984240672079e+00 -8.054678984240664974e+00 -8.054678984240640105e+00 -8.054678984240640105e+00 -8.054678984240629447e+00 -8.054678984240615236e+00 -8.054678984240601025e+00 -8.054678984240579709e+00 -8.054678984240572603e+00 -8.054678984240556616e+00 -8.054678984240547734e+00 -8.054678984240535300e+00 -8.054678984240524642e+00 -8.054678984240510431e+00 -8.054678984240492667e+00 -8.054678984240482009e+00 -8.054678984240471351e+00 -8.054678984240462469e+00 -8.054678984240451811e+00 -8.054678984240437600e+00 -8.054678984240421613e+00 -8.054678984240416284e+00 -8.054678984240393191e+00 -8.054678984240387862e+00 -8.054678984240375428e+00 -8.054678984240366546e+00 -8.054678984240357664e+00 -8.054678984240343453e+00 -8.054678984240325690e+00 -8.054678984240309703e+00 -8.054678984240302597e+00 -8.054678984240290163e+00 -8.054678984240268846e+00 -8.054678984240259965e+00 -8.054678984240245754e+00 -8.054678984240229767e+00 -8.054678984240229767e+00 -8.054678984240217332e+00 -8.054678984240203121e+00 -8.054678984240194239e+00 -8.054678984240180029e+00 -8.054678984240164041e+00 -8.054678984240151607e+00 -8.054678984240144501e+00 -8.054678984240132067e+00 -8.054678984240110751e+00 -8.054678984240096540e+00 -8.054678984240087658e+00 -8.054678984240075224e+00 -8.054678984240061013e+00 -8.054678984240053907e+00 -8.054678984240041473e+00 -8.054678984240025486e+00 -8.054678984240014827e+00 -8.054678984240005946e+00 -8.054678984239991735e+00 -8.054678984239975748e+00 -8.054678984239963313e+00 -8.054678984239949102e+00 -8.054678984239941997e+00 -8.054678984239926010e+00 -8.054678984239915351e+00 -8.054678984239910022e+00 -8.054678984239890482e+00 -8.054678984239883377e+00 -8.054678984239872719e+00 -8.054678984239853179e+00 -8.054678984239846073e+00 -8.054678984239828310e+00 -8.054678984239822981e+00 -8.054678984239803441e+00 -8.054678984239791006e+00 -8.054678984239778572e+00 -8.054678984239764361e+00 -8.054678984239760808e+00 -8.054678984239739492e+00 -8.054678984239737716e+00 -8.054678984239719952e+00 -8.054678984239707518e+00 -8.054678984239696860e+00 -8.054678984239686201e+00 -8.054678984239671991e+00 -8.054678984239661332e+00 -8.054678984239647122e+00 -8.054678984239631134e+00 -8.054678984239625805e+00 -8.054678984239611594e+00 -8.054678984239595607e+00 -8.054678984239577844e+00 -8.054678984239572515e+00 -8.054678984239556527e+00 -8.054678984239545869e+00 -8.054678984239529882e+00 -8.054678984239522777e+00 -8.054678984239512118e+00 -8.054678984239505013e+00 -8.054678984239487249e+00 -8.054678984239480144e+00 -8.054678984239458828e+00 -8.054678984239444617e+00 -8.054678984239439288e+00 -8.054678984239432182e+00 -8.054678984239417971e+00 -8.054678984239400208e+00 -8.054678984239384221e+00 -8.054678984239377115e+00 -8.054678984239361128e+00 -8.054678984239352246e+00 -8.054678984239343364e+00 -8.054678984239330930e+00 -8.054678984239311390e+00 -8.054678984239306061e+00 -8.054678984239290074e+00 -8.054678984239274087e+00 -8.054678984239266981e+00 -8.054678984239252770e+00 -8.054678984239242112e+00 -8.054678984239224349e+00 -8.054678984239220796e+00 -8.054678984239199480e+00 -8.054678984239197703e+00 -8.054678984239179940e+00 -8.054678984239165729e+00 -8.054678984239147965e+00 -8.054678984239139083e+00 -8.054678984239126649e+00 -8.054678984239110662e+00 -8.054678984239101780e+00 -8.054678984239092898e+00 -8.054678984239085793e+00 -8.054678984239064476e+00 -8.054678984239060924e+00 -8.054678984239046713e+00 -8.054678984239034278e+00 -8.054678984239021844e+00 -8.054678984239011186e+00 -8.054678984238993422e+00 -8.054678984238984540e+00 -8.054678984238972106e+00 -8.054678984238952566e+00 -8.054678984238949013e+00 -8.054678984238925921e+00 -8.054678984238918815e+00 -8.054678984238909933e+00 -8.054678984238901052e+00 -8.054678984238877959e+00 -8.054678984238867301e+00 -8.054678984238854866e+00 -8.054678984238840656e+00 -8.054678984238831774e+00 -8.054678984238815787e+00 -8.054678984238808681e+00 -8.054678984238796247e+00 -8.054678984238790918e+00 -8.054678984238771378e+00 -8.054678984238767825e+00 -8.054678984238746509e+00 -8.054678984238730521e+00 -8.054678984238719863e+00 -8.054678984238710981e+00 -8.054678984238700323e+00 -8.054678984238687889e+00 -8.054678984238673678e+00 -8.054678984238664796e+00 -8.054678984238645256e+00 -8.054678984238638151e+00 -8.054678984238620387e+00 -8.054678984238609729e+00 -8.054678984238597295e+00 -8.054678984238584860e+00 -8.054678984238568873e+00 -8.054678984238565320e+00 -8.054678984238554662e+00 -8.054678984238542228e+00 -8.054678984238524464e+00 -8.054678984238515582e+00 -8.054678984238497819e+00 -8.054678984238492490e+00 -8.054678984238472950e+00 -8.054678984238462292e+00 -8.054678984238449857e+00 -8.054678984238433870e+00 -8.054678984238428541e+00 -8.054678984238417883e+00 -8.054678984238403672e+00 -8.054678984238385908e+00 -8.054678984238375250e+00 -8.054678984238366368e+00 -8.054678984238355710e+00 -8.054678984238334394e+00 -8.054678984238329065e+00 -8.054678984238316630e+00 -8.054678984238304196e+00 -8.054678984238293538e+00 -8.054678984238273998e+00 -8.054678984238268669e+00 -8.054678984238252681e+00 -8.054678984238243800e+00 -8.054678984238224260e+00 -8.054678984238217154e+00 -8.054678984238199391e+00 -8.054678984238190509e+00 -8.054678984238179851e+00 -8.054678984238163864e+00 -8.054678984238153205e+00 -8.054678984238144324e+00 -8.054678984238126560e+00 -8.054678984238123007e+00 -8.054678984238107020e+00 -8.054678984238092809e+00 -8.054678984238076822e+00 -8.054678984238075046e+00 -8.054678984238053729e+00 -8.054678984238039519e+00 -8.054678984238035966e+00 -8.054678984238019979e+00 -8.054678984238012873e+00 -8.054678984237993333e+00 -8.054678984237984452e+00 -8.054678984237968464e+00 -8.054678984237959583e+00 -8.054678984237947148e+00 -8.054678984237932937e+00 -8.054678984237922279e+00 -8.054678984237904515e+00 -8.054678984237895634e+00 -8.054678984237883199e+00 -8.054678984237872541e+00 -8.054678984237860107e+00 -8.054678984237845896e+00 -8.054678984237838790e+00 -8.054678984237829908e+00 -8.054678984237806816e+00 -8.054678984237797934e+00 -8.054678984237781947e+00 -8.054678984237773065e+00 -8.054678984237760631e+00 -8.054678984237746420e+00 -8.054678984237732209e+00 -8.054678984237721551e+00 -8.054678984237714445e+00 -8.054678984237698458e+00 -8.054678984237687800e+00 -8.054678984237675365e+00 -8.054678984237654049e+00 -8.054678984237650496e+00 -8.054678984237638062e+00 -8.054678984237625627e+00 -8.054678984237606088e+00 -8.054678984237602535e+00 -8.054678984237582995e+00 -8.054678984237574113e+00 -8.054678984237568784e+00 -8.054678984237552797e+00 -8.054678984237538586e+00 -8.054678984237526151e+00 -8.054678984237513717e+00 -8.054678984237504835e+00 -8.054678984237492401e+00 -8.054678984237479966e+00 -8.054678984237467532e+00 -8.054678984237447992e+00 -8.054678984237444439e+00 -8.054678984237432005e+00 -8.054678984237416017e+00 -8.054678984237403583e+00 -8.054678984237396477e+00 -8.054678984237376937e+00 -8.054678984237366279e+00 -8.054678984237350292e+00 -8.054678984237343187e+00 -8.054678984237327199e+00 -8.054678984237318318e+00 -8.054678984237304107e+00 -8.054678984237291672e+00 -8.054678984237275685e+00 -8.054678984237268580e+00 -8.054678984237256145e+00 -8.054678984237240158e+00 -8.054678984237229500e+00 -8.054678984237218842e+00 -8.054678984237208184e+00 -8.054678984237201078e+00 -8.054678984237185091e+00 -8.054678984237172656e+00 -8.054678984237158446e+00 -8.054678984237140682e+00 -8.054678984237122918e+00 -8.054678984237115813e+00 -8.054678984237103379e+00 -8.054678984237096273e+00 -8.054678984237085615e+00 -8.054678984237069628e+00 -8.054678984237058970e+00 -8.054678984237046535e+00 -8.054678984237032324e+00 -8.054678984237023442e+00 -8.054678984237014561e+00 -8.054678984236998573e+00 -8.054678984236979034e+00 -8.054678984236973704e+00 -8.054678984236961270e+00 -8.054678984236954165e+00 -8.054678984236932848e+00 -8.054678984236925743e+00 -8.054678984236913308e+00
