# Tue Jul 13 20:13:23 2021
# Spin blind formalism, bias turned off, lead sites decoupled
# Inputs:
# - Num. leads = (4, 4)
# - Num. impurity sites = 1
# - nelecs = (9, 0)
# - V_leads = 1.0
# - V_imp_leads = 1.0
# - V_bias = -0.005
# - mu = 0.0
# - V_gate = 0.0
# - U = 0.0
0.000000000000000000e+00 1.000000000000000021e-02 2.000000000000000042e-02 2.999999999999999889e-02 4.000000000000000083e-02 5.000000000000000278e-02 5.999999999999999778e-02 7.000000000000000666e-02 8.000000000000000167e-02 8.999999999999999667e-02 1.000000000000000056e-01 1.100000000000000006e-01 1.199999999999999956e-01 1.300000000000000044e-01 1.400000000000000133e-01 1.499999999999999944e-01 1.600000000000000033e-01 1.700000000000000122e-01 1.799999999999999933e-01 1.900000000000000022e-01 2.000000000000000111e-01 2.099999999999999922e-01 2.200000000000000011e-01 2.300000000000000100e-01 2.399999999999999911e-01 2.500000000000000000e-01 2.600000000000000089e-01 2.700000000000000178e-01 2.800000000000000266e-01 2.899999999999999800e-01 2.999999999999999889e-01 3.099999999999999978e-01 3.200000000000000067e-01 3.300000000000000155e-01 3.400000000000000244e-01 3.500000000000000333e-01 3.599999999999999867e-01 3.699999999999999956e-01 3.800000000000000044e-01 3.900000000000000133e-01 4.000000000000000222e-01 4.100000000000000311e-01 4.199999999999999845e-01 4.299999999999999933e-01 4.400000000000000022e-01 4.500000000000000111e-01 4.600000000000000200e-01 4.700000000000000289e-01 4.799999999999999822e-01 4.899999999999999911e-01 5.000000000000000000e-01 5.100000000000000089e-01 5.200000000000000178e-01 5.300000000000000266e-01 5.400000000000000355e-01 5.500000000000000444e-01 5.600000000000000533e-01 5.700000000000000622e-01 5.799999999999999600e-01 5.899999999999999689e-01 5.999999999999999778e-01 6.099999999999999867e-01 6.199999999999999956e-01 6.300000000000000044e-01 6.400000000000000133e-01 6.500000000000000222e-01 6.600000000000000311e-01 6.700000000000000400e-01 6.800000000000000488e-01 6.900000000000000577e-01 7.000000000000000666e-01 7.099999999999999645e-01 7.199999999999999734e-01 7.299999999999999822e-01 7.399999999999999911e-01 7.500000000000000000e-01 7.600000000000000089e-01 7.700000000000000178e-01 7.800000000000000266e-01 7.900000000000000355e-01 8.000000000000000444e-01 8.100000000000000533e-01 8.200000000000000622e-01 8.300000000000000711e-01 8.399999999999999689e-01 8.499999999999999778e-01 8.599999999999999867e-01 8.699999999999999956e-01 8.800000000000000044e-01 8.900000000000000133e-01 9.000000000000000222e-01 9.100000000000000311e-01 9.200000000000000400e-01 9.300000000000000488e-01 9.400000000000000577e-01 9.500000000000000666e-01 9.599999999999999645e-01 9.699999999999999734e-01 9.799999999999999822e-01 9.899999999999999911e-01 1.000000000000000000e+00 1.010000000000000009e+00 1.020000000000000018e+00 1.030000000000000027e+00 1.040000000000000036e+00 1.050000000000000044e+00 1.060000000000000053e+00 1.070000000000000062e+00 1.080000000000000071e+00 1.090000000000000080e+00 1.100000000000000089e+00 1.110000000000000098e+00 1.120000000000000107e+00 1.130000000000000115e+00 1.140000000000000124e+00 1.150000000000000133e+00 1.159999999999999920e+00 1.169999999999999929e+00 1.179999999999999938e+00 1.189999999999999947e+00 1.199999999999999956e+00 1.209999999999999964e+00 1.219999999999999973e+00 1.229999999999999982e+00 1.239999999999999991e+00 1.250000000000000000e+00 1.260000000000000009e+00 1.270000000000000018e+00 1.280000000000000027e+00 1.290000000000000036e+00 1.300000000000000044e+00 1.310000000000000053e+00 1.320000000000000062e+00 1.330000000000000071e+00 1.340000000000000080e+00 1.350000000000000089e+00 1.360000000000000098e+00 1.370000000000000107e+00 1.380000000000000115e+00 1.390000000000000124e+00 1.400000000000000133e+00 1.409999999999999920e+00 1.419999999999999929e+00 1.429999999999999938e+00 1.439999999999999947e+00 1.449999999999999956e+00 1.459999999999999964e+00 1.469999999999999973e+00 1.479999999999999982e+00 1.489999999999999991e+00 1.500000000000000000e+00 1.510000000000000009e+00 1.520000000000000018e+00 1.530000000000000027e+00 1.540000000000000036e+00 1.550000000000000044e+00 1.560000000000000053e+00 1.570000000000000062e+00 1.580000000000000071e+00 1.590000000000000080e+00 1.600000000000000089e+00 1.610000000000000098e+00 1.620000000000000107e+00 1.630000000000000115e+00 1.640000000000000124e+00 1.650000000000000133e+00 1.660000000000000142e+00 1.669999999999999929e+00 1.679999999999999938e+00 1.689999999999999947e+00 1.699999999999999956e+00 1.709999999999999964e+00 1.719999999999999973e+00 1.729999999999999982e+00 1.739999999999999991e+00 1.750000000000000000e+00 1.760000000000000009e+00 1.770000000000000018e+00 1.780000000000000027e+00 1.790000000000000036e+00 1.800000000000000044e+00 1.810000000000000053e+00 1.820000000000000062e+00 1.830000000000000071e+00 1.840000000000000080e+00 1.850000000000000089e+00 1.860000000000000098e+00 1.870000000000000107e+00 1.880000000000000115e+00 1.890000000000000124e+00 1.900000000000000133e+00 1.910000000000000142e+00 1.919999999999999929e+00 1.929999999999999938e+00 1.939999999999999947e+00 1.949999999999999956e+00 1.959999999999999964e+00 1.969999999999999973e+00 1.979999999999999982e+00 1.989999999999999991e+00 2.000000000000000000e+00 2.010000000000000231e+00 2.020000000000000018e+00 2.030000000000000249e+00 2.040000000000000036e+00 2.049999999999999822e+00 2.060000000000000053e+00 2.069999999999999840e+00 2.080000000000000071e+00 2.089999999999999858e+00 2.100000000000000089e+00 2.109999999999999876e+00 2.120000000000000107e+00 2.129999999999999893e+00 2.140000000000000124e+00 2.149999999999999911e+00 2.160000000000000142e+00 2.169999999999999929e+00 2.180000000000000160e+00 2.189999999999999947e+00 2.200000000000000178e+00 2.209999999999999964e+00 2.220000000000000195e+00 2.229999999999999982e+00 2.240000000000000213e+00 2.250000000000000000e+00 2.260000000000000231e+00 2.270000000000000018e+00 2.280000000000000249e+00 2.290000000000000036e+00 2.300000000000000266e+00 2.310000000000000053e+00 2.319999999999999840e+00 2.330000000000000071e+00 2.339999999999999858e+00 2.350000000000000089e+00 2.359999999999999876e+00 2.370000000000000107e+00 2.379999999999999893e+00 2.390000000000000124e+00 2.399999999999999911e+00 2.410000000000000142e+00 2.419999999999999929e+00 2.430000000000000160e+00 2.439999999999999947e+00 2.450000000000000178e+00 2.459999999999999964e+00 2.470000000000000195e+00 2.479999999999999982e+00 2.490000000000000213e+00 2.500000000000000000e+00 2.510000000000000231e+00 2.520000000000000018e+00 2.530000000000000249e+00 2.540000000000000036e+00 2.550000000000000266e+00 2.560000000000000053e+00 2.569999999999999840e+00 2.580000000000000071e+00 2.589999999999999858e+00 2.600000000000000089e+00 2.609999999999999876e+00 2.620000000000000107e+00 2.629999999999999893e+00 2.640000000000000124e+00 2.649999999999999911e+00 2.660000000000000142e+00 2.669999999999999929e+00 2.680000000000000160e+00 2.689999999999999947e+00 2.700000000000000178e+00 2.709999999999999964e+00 2.720000000000000195e+00 2.729999999999999982e+00 2.740000000000000213e+00 2.750000000000000000e+00 2.760000000000000231e+00 2.770000000000000018e+00 2.780000000000000249e+00 2.790000000000000036e+00 2.800000000000000266e+00 2.810000000000000053e+00 2.819999999999999840e+00 2.830000000000000071e+00 2.839999999999999858e+00 2.850000000000000089e+00 2.859999999999999876e+00 2.870000000000000107e+00 2.879999999999999893e+00 2.890000000000000124e+00 2.899999999999999911e+00 2.910000000000000142e+00 2.919999999999999929e+00 2.930000000000000160e+00 2.939999999999999947e+00 2.950000000000000178e+00 2.959999999999999964e+00 2.970000000000000195e+00 2.979999999999999982e+00 2.990000000000000213e+00 3.000000000000000000e+00 3.010000000000000231e+00 3.020000000000000018e+00 3.030000000000000249e+00 3.040000000000000036e+00 3.050000000000000266e+00 3.060000000000000053e+00 3.070000000000000284e+00 3.080000000000000071e+00 3.089999999999999858e+00 3.100000000000000089e+00 3.109999999999999876e+00 3.120000000000000107e+00 3.129999999999999893e+00 3.140000000000000124e+00 3.149999999999999911e+00 3.160000000000000142e+00 3.169999999999999929e+00 3.180000000000000160e+00 3.189999999999999947e+00 3.200000000000000178e+00 3.209999999999999964e+00 3.220000000000000195e+00 3.229999999999999982e+00 3.240000000000000213e+00 3.250000000000000000e+00 3.260000000000000231e+00 3.270000000000000018e+00 3.280000000000000249e+00 3.290000000000000036e+00 3.300000000000000266e+00 3.310000000000000053e+00 3.320000000000000284e+00 3.330000000000000071e+00 3.339999999999999858e+00 3.350000000000000089e+00 3.359999999999999876e+00 3.370000000000000107e+00 3.379999999999999893e+00 3.390000000000000124e+00 3.399999999999999911e+00 3.410000000000000142e+00 3.419999999999999929e+00 3.430000000000000160e+00 3.439999999999999947e+00 3.450000000000000178e+00 3.459999999999999964e+00 3.470000000000000195e+00 3.479999999999999982e+00 3.490000000000000213e+00 3.500000000000000000e+00 3.510000000000000231e+00 3.520000000000000018e+00 3.530000000000000249e+00 3.540000000000000036e+00 3.550000000000000266e+00 3.560000000000000053e+00 3.570000000000000284e+00 3.580000000000000071e+00 3.589999999999999858e+00 3.600000000000000089e+00 3.609999999999999876e+00 3.620000000000000107e+00 3.629999999999999893e+00 3.640000000000000124e+00 3.649999999999999911e+00 3.660000000000000142e+00 3.669999999999999929e+00 3.680000000000000160e+00 3.689999999999999947e+00 3.700000000000000178e+00 3.709999999999999964e+00 3.720000000000000195e+00 3.729999999999999982e+00 3.740000000000000213e+00 3.750000000000000000e+00 3.760000000000000231e+00 3.770000000000000018e+00 3.780000000000000249e+00 3.790000000000000036e+00 3.800000000000000266e+00 3.810000000000000053e+00 3.820000000000000284e+00 3.830000000000000071e+00 3.839999999999999858e+00 3.850000000000000089e+00 3.859999999999999876e+00 3.870000000000000107e+00 3.879999999999999893e+00 3.890000000000000124e+00 3.899999999999999911e+00 3.910000000000000142e+00 3.919999999999999929e+00 3.930000000000000160e+00 3.939999999999999947e+00 3.950000000000000178e+00 3.959999999999999964e+00 3.970000000000000195e+00 3.979999999999999982e+00 3.990000000000000213e+00 4.000000000000000000e+00 4.009999999999999787e+00 4.020000000000000462e+00 4.030000000000000249e+00 4.040000000000000036e+00 4.049999999999999822e+00 4.060000000000000497e+00 4.070000000000000284e+00 4.080000000000000071e+00 4.089999999999999858e+00 4.099999999999999645e+00 4.110000000000000320e+00 4.120000000000000107e+00 4.129999999999999893e+00 4.139999999999999680e+00 4.150000000000000355e+00 4.160000000000000142e+00 4.169999999999999929e+00 4.179999999999999716e+00 4.190000000000000391e+00 4.200000000000000178e+00 4.209999999999999964e+00 4.219999999999999751e+00 4.230000000000000426e+00 4.240000000000000213e+00 4.250000000000000000e+00 4.259999999999999787e+00 4.270000000000000462e+00 4.280000000000000249e+00 4.290000000000000036e+00 4.299999999999999822e+00 4.310000000000000497e+00 4.320000000000000284e+00 4.330000000000000071e+00 4.339999999999999858e+00 4.350000000000000533e+00 4.360000000000000320e+00 4.370000000000000107e+00 4.379999999999999893e+00 4.389999999999999680e+00 4.400000000000000355e+00 4.410000000000000142e+00 4.419999999999999929e+00 4.429999999999999716e+00 4.440000000000000391e+00 4.450000000000000178e+00 4.459999999999999964e+00 4.469999999999999751e+00 4.480000000000000426e+00 4.490000000000000213e+00 4.500000000000000000e+00 4.509999999999999787e+00 4.520000000000000462e+00 4.530000000000000249e+00 4.540000000000000036e+00 4.549999999999999822e+00 4.560000000000000497e+00 4.570000000000000284e+00 4.580000000000000071e+00 4.589999999999999858e+00 4.600000000000000533e+00 4.610000000000000320e+00 4.620000000000000107e+00 4.629999999999999893e+00 4.639999999999999680e+00 4.650000000000000355e+00 4.660000000000000142e+00 4.669999999999999929e+00 4.679999999999999716e+00 4.690000000000000391e+00 4.700000000000000178e+00 4.709999999999999964e+00 4.719999999999999751e+00 4.730000000000000426e+00 4.740000000000000213e+00 4.750000000000000000e+00 4.759999999999999787e+00 4.770000000000000462e+00 4.780000000000000249e+00 4.790000000000000036e+00 4.799999999999999822e+00 4.810000000000000497e+00 4.820000000000000284e+00 4.830000000000000071e+00 4.839999999999999858e+00 4.850000000000000533e+00 4.860000000000000320e+00 4.870000000000000107e+00 4.879999999999999893e+00 4.889999999999999680e+00 4.900000000000000355e+00 4.910000000000000142e+00 4.919999999999999929e+00 4.929999999999999716e+00 4.940000000000000391e+00 4.950000000000000178e+00 4.959999999999999964e+00 4.969999999999999751e+00 4.980000000000000426e+00 4.990000000000000213e+00 5.000000000000000000e+00 5.009999999999999787e+00 5.020000000000000462e+00 5.030000000000000249e+00 5.040000000000000036e+00 5.049999999999999822e+00 5.060000000000000497e+00 5.070000000000000284e+00 5.080000000000000071e+00 5.089999999999999858e+00 5.100000000000000533e+00 5.110000000000000320e+00 5.120000000000000107e+00 5.129999999999999893e+00 5.139999999999999680e+00 5.150000000000000355e+00 5.160000000000000142e+00 5.169999999999999929e+00 5.179999999999999716e+00 5.190000000000000391e+00 5.200000000000000178e+00 5.209999999999999964e+00 5.219999999999999751e+00 5.230000000000000426e+00 5.240000000000000213e+00 5.250000000000000000e+00 5.259999999999999787e+00 5.270000000000000462e+00 5.280000000000000249e+00 5.290000000000000036e+00 5.299999999999999822e+00 5.310000000000000497e+00 5.320000000000000284e+00 5.330000000000000071e+00 5.339999999999999858e+00 5.350000000000000533e+00 5.360000000000000320e+00 5.370000000000000107e+00 5.379999999999999893e+00 5.389999999999999680e+00 5.400000000000000355e+00 5.410000000000000142e+00 5.419999999999999929e+00 5.429999999999999716e+00 5.440000000000000391e+00 5.450000000000000178e+00 5.459999999999999964e+00 5.469999999999999751e+00 5.480000000000000426e+00 5.490000000000000213e+00 5.500000000000000000e+00 5.509999999999999787e+00 5.520000000000000462e+00 5.530000000000000249e+00 5.540000000000000036e+00 5.549999999999999822e+00 5.560000000000000497e+00 5.570000000000000284e+00 5.580000000000000071e+00 5.589999999999999858e+00 5.600000000000000533e+00 5.610000000000000320e+00 5.620000000000000107e+00 5.629999999999999893e+00 5.639999999999999680e+00 5.650000000000000355e+00 5.660000000000000142e+00 5.669999999999999929e+00 5.679999999999999716e+00 5.690000000000000391e+00 5.700000000000000178e+00 5.709999999999999964e+00 5.719999999999999751e+00 5.730000000000000426e+00 5.740000000000000213e+00 5.750000000000000000e+00 5.759999999999999787e+00 5.770000000000000462e+00 5.780000000000000249e+00 5.790000000000000036e+00 5.799999999999999822e+00 5.810000000000000497e+00 5.820000000000000284e+00 5.830000000000000071e+00 5.839999999999999858e+00 5.850000000000000533e+00 5.860000000000000320e+00 5.870000000000000107e+00 5.879999999999999893e+00 5.889999999999999680e+00 5.900000000000000355e+00 5.910000000000000142e+00 5.919999999999999929e+00 5.929999999999999716e+00 5.940000000000000391e+00 5.950000000000000178e+00 5.959999999999999964e+00 5.969999999999999751e+00 5.980000000000000426e+00 5.990000000000000213e+00 6.000000000000000000e+00 6.009999999999999787e+00 6.020000000000000462e+00 6.030000000000000249e+00 6.040000000000000036e+00 6.049999999999999822e+00 6.060000000000000497e+00 6.070000000000000284e+00 6.080000000000000071e+00 6.089999999999999858e+00 6.100000000000000533e+00 6.110000000000000320e+00 6.120000000000000107e+00 6.129999999999999893e+00 6.140000000000000568e+00 6.150000000000000355e+00 6.160000000000000142e+00 6.169999999999999929e+00 6.179999999999999716e+00 6.190000000000000391e+00 6.200000000000000178e+00 6.209999999999999964e+00 6.219999999999999751e+00 6.230000000000000426e+00 6.240000000000000213e+00 6.250000000000000000e+00 6.259999999999999787e+00 6.270000000000000462e+00 6.280000000000000249e+00 6.290000000000000036e+00 6.299999999999999822e+00 6.310000000000000497e+00 6.320000000000000284e+00 6.330000000000000071e+00 6.339999999999999858e+00 6.350000000000000533e+00 6.360000000000000320e+00 6.370000000000000107e+00 6.379999999999999893e+00 6.390000000000000568e+00 6.400000000000000355e+00 6.410000000000000142e+00 6.419999999999999929e+00 6.429999999999999716e+00 6.440000000000000391e+00 6.450000000000000178e+00 6.459999999999999964e+00 6.469999999999999751e+00 6.480000000000000426e+00 6.490000000000000213e+00 6.500000000000000000e+00 6.509999999999999787e+00 6.520000000000000462e+00 6.530000000000000249e+00 6.540000000000000036e+00 6.549999999999999822e+00 6.560000000000000497e+00 6.570000000000000284e+00 6.580000000000000071e+00 6.589999999999999858e+00 6.600000000000000533e+00 6.610000000000000320e+00 6.620000000000000107e+00 6.629999999999999893e+00 6.640000000000000568e+00 6.650000000000000355e+00 6.660000000000000142e+00 6.669999999999999929e+00 6.679999999999999716e+00 6.690000000000000391e+00 6.700000000000000178e+00 6.709999999999999964e+00 6.719999999999999751e+00 6.730000000000000426e+00 6.740000000000000213e+00 6.750000000000000000e+00 6.759999999999999787e+00 6.770000000000000462e+00 6.780000000000000249e+00 6.790000000000000036e+00 6.799999999999999822e+00 6.810000000000000497e+00 6.820000000000000284e+00 6.830000000000000071e+00 6.839999999999999858e+00 6.850000000000000533e+00 6.860000000000000320e+00 6.870000000000000107e+00 6.879999999999999893e+00 6.890000000000000568e+00 6.900000000000000355e+00 6.910000000000000142e+00 6.919999999999999929e+00 6.929999999999999716e+00 6.940000000000000391e+00 6.950000000000000178e+00 6.959999999999999964e+00 6.969999999999999751e+00 6.980000000000000426e+00 6.990000000000000213e+00 7.000000000000000000e+00 7.009999999999999787e+00 7.020000000000000462e+00 7.030000000000000249e+00 7.040000000000000036e+00 7.049999999999999822e+00 7.060000000000000497e+00 7.070000000000000284e+00 7.080000000000000071e+00 7.089999999999999858e+00 7.100000000000000533e+00 7.110000000000000320e+00 7.120000000000000107e+00 7.129999999999999893e+00 7.140000000000000568e+00 7.150000000000000355e+00 7.160000000000000142e+00 7.169999999999999929e+00 7.179999999999999716e+00 7.190000000000000391e+00 7.200000000000000178e+00 7.209999999999999964e+00 7.219999999999999751e+00 7.230000000000000426e+00 7.240000000000000213e+00 7.250000000000000000e+00 7.259999999999999787e+00 7.270000000000000462e+00 7.280000000000000249e+00 7.290000000000000036e+00 7.299999999999999822e+00 7.310000000000000497e+00 7.320000000000000284e+00 7.330000000000000071e+00 7.339999999999999858e+00 7.350000000000000533e+00 7.360000000000000320e+00 7.370000000000000107e+00 7.379999999999999893e+00 7.390000000000000568e+00 7.400000000000000355e+00 7.410000000000000142e+00 7.419999999999999929e+00 7.429999999999999716e+00 7.440000000000000391e+00 7.450000000000000178e+00 7.459999999999999964e+00 7.469999999999999751e+00 7.480000000000000426e+00 7.490000000000000213e+00 7.500000000000000000e+00 7.509999999999999787e+00 7.520000000000000462e+00 7.530000000000000249e+00 7.540000000000000036e+00 7.549999999999999822e+00 7.560000000000000497e+00 7.570000000000000284e+00 7.580000000000000071e+00 7.589999999999999858e+00 7.600000000000000533e+00 7.610000000000000320e+00 7.620000000000000107e+00 7.629999999999999893e+00 7.640000000000000568e+00 7.650000000000000355e+00 7.660000000000000142e+00 7.669999999999999929e+00 7.679999999999999716e+00 7.690000000000000391e+00 7.700000000000000178e+00 7.709999999999999964e+00 7.719999999999999751e+00 7.730000000000000426e+00 7.740000000000000213e+00 7.750000000000000000e+00 7.759999999999999787e+00 7.770000000000000462e+00 7.780000000000000249e+00 7.790000000000000036e+00 7.799999999999999822e+00 7.810000000000000497e+00 7.820000000000000284e+00 7.830000000000000071e+00 7.839999999999999858e+00 7.850000000000000533e+00 7.860000000000000320e+00 7.870000000000000107e+00 7.879999999999999893e+00 7.890000000000000568e+00 7.900000000000000355e+00 7.910000000000000142e+00 7.919999999999999929e+00 7.930000000000000604e+00 7.940000000000000391e+00 7.950000000000000178e+00 7.959999999999999964e+00 7.969999999999999751e+00 7.980000000000000426e+00 7.990000000000000213e+00 8.000000000000000000e+00 8.009999999999999787e+00 8.019999999999999574e+00 8.029999999999999361e+00 8.040000000000000924e+00 8.050000000000000711e+00 8.060000000000000497e+00 8.070000000000000284e+00 8.080000000000000071e+00 8.089999999999999858e+00 8.099999999999999645e+00 8.109999999999999432e+00 8.120000000000000995e+00 8.130000000000000782e+00 8.140000000000000568e+00 8.150000000000000355e+00 8.160000000000000142e+00 8.169999999999999929e+00 8.179999999999999716e+00 8.189999999999999503e+00 8.199999999999999289e+00 8.210000000000000853e+00 8.220000000000000639e+00 8.230000000000000426e+00 8.240000000000000213e+00 8.250000000000000000e+00 8.259999999999999787e+00 8.269999999999999574e+00 8.279999999999999361e+00 8.290000000000000924e+00 8.300000000000000711e+00 8.310000000000000497e+00 8.320000000000000284e+00 8.330000000000000071e+00 8.339999999999999858e+00 8.349999999999999645e+00 8.359999999999999432e+00 8.370000000000000995e+00 8.380000000000000782e+00 8.390000000000000568e+00 8.400000000000000355e+00 8.410000000000000142e+00 8.419999999999999929e+00 8.429999999999999716e+00 8.439999999999999503e+00 8.449999999999999289e+00 8.460000000000000853e+00 8.470000000000000639e+00 8.480000000000000426e+00 8.490000000000000213e+00 8.500000000000000000e+00 8.509999999999999787e+00 8.519999999999999574e+00 8.529999999999999361e+00 8.540000000000000924e+00 8.550000000000000711e+00 8.560000000000000497e+00 8.570000000000000284e+00 8.580000000000000071e+00 8.589999999999999858e+00 8.599999999999999645e+00 8.609999999999999432e+00 8.620000000000000995e+00 8.630000000000000782e+00 8.640000000000000568e+00 8.650000000000000355e+00 8.660000000000000142e+00 8.669999999999999929e+00 8.679999999999999716e+00 8.689999999999999503e+00 8.700000000000001066e+00 8.710000000000000853e+00 8.720000000000000639e+00 8.730000000000000426e+00 8.740000000000000213e+00 8.750000000000000000e+00 8.759999999999999787e+00 8.769999999999999574e+00 8.779999999999999361e+00 8.790000000000000924e+00 8.800000000000000711e+00 8.810000000000000497e+00 8.820000000000000284e+00 8.830000000000000071e+00 8.839999999999999858e+00 8.849999999999999645e+00 8.859999999999999432e+00 8.870000000000000995e+00 8.880000000000000782e+00 8.890000000000000568e+00 8.900000000000000355e+00 8.910000000000000142e+00 8.919999999999999929e+00 8.929999999999999716e+00 8.939999999999999503e+00 8.950000000000001066e+00 8.960000000000000853e+00 8.970000000000000639e+00 8.980000000000000426e+00 8.990000000000000213e+00 9.000000000000000000e+00 9.009999999999999787e+00 9.019999999999999574e+00 9.029999999999999361e+00 9.040000000000000924e+00 9.050000000000000711e+00 9.060000000000000497e+00 9.070000000000000284e+00 9.080000000000000071e+00 9.089999999999999858e+00 9.099999999999999645e+00 9.109999999999999432e+00 9.120000000000000995e+00 9.130000000000000782e+00 9.140000000000000568e+00 9.150000000000000355e+00 9.160000000000000142e+00 9.169999999999999929e+00 9.179999999999999716e+00 9.189999999999999503e+00 9.200000000000001066e+00 9.210000000000000853e+00 9.220000000000000639e+00 9.230000000000000426e+00 9.240000000000000213e+00 9.250000000000000000e+00 9.259999999999999787e+00 9.269999999999999574e+00 9.279999999999999361e+00 9.290000000000000924e+00 9.300000000000000711e+00 9.310000000000000497e+00 9.320000000000000284e+00 9.330000000000000071e+00 9.339999999999999858e+00 9.349999999999999645e+00 9.359999999999999432e+00 9.370000000000000995e+00 9.380000000000000782e+00 9.390000000000000568e+00 9.400000000000000355e+00 9.410000000000000142e+00 9.419999999999999929e+00 9.429999999999999716e+00 9.439999999999999503e+00 9.450000000000001066e+00 9.460000000000000853e+00 9.470000000000000639e+00 9.480000000000000426e+00 9.490000000000000213e+00 9.500000000000000000e+00 9.509999999999999787e+00 9.519999999999999574e+00 9.529999999999999361e+00 9.540000000000000924e+00 9.550000000000000711e+00 9.560000000000000497e+00 9.570000000000000284e+00 9.580000000000000071e+00 9.589999999999999858e+00 9.599999999999999645e+00 9.609999999999999432e+00 9.620000000000000995e+00 9.630000000000000782e+00 9.640000000000000568e+00 9.650000000000000355e+00 9.660000000000000142e+00 9.669999999999999929e+00 9.679999999999999716e+00 9.689999999999999503e+00 9.700000000000001066e+00 9.710000000000000853e+00 9.720000000000000639e+00 9.730000000000000426e+00 9.740000000000000213e+00 9.750000000000000000e+00 9.759999999999999787e+00 9.769999999999999574e+00 9.779999999999999361e+00 9.790000000000000924e+00 9.800000000000000711e+00 9.810000000000000497e+00 9.820000000000000284e+00 9.830000000000000071e+00 9.839999999999999858e+00 9.849999999999999645e+00 9.859999999999999432e+00 9.870000000000000995e+00 9.880000000000000782e+00 9.890000000000000568e+00 9.900000000000000355e+00 9.910000000000000142e+00 9.919999999999999929e+00 9.929999999999999716e+00 9.939999999999999503e+00 9.950000000000001066e+00 9.960000000000000853e+00 9.970000000000000639e+00 9.980000000000000426e+00 9.990000000000000213e+00 1.000000000000000000e+01 1.000999999999999979e+01 1.001999999999999957e+01 1.002999999999999936e+01 1.004000000000000092e+01 1.005000000000000071e+01 1.006000000000000050e+01 1.007000000000000028e+01 1.008000000000000007e+01 1.008999999999999986e+01 1.009999999999999964e+01 1.010999999999999943e+01 1.012000000000000099e+01 1.013000000000000078e+01 1.014000000000000057e+01 1.015000000000000036e+01 1.016000000000000014e+01 1.016999999999999993e+01 1.017999999999999972e+01 1.018999999999999950e+01 1.020000000000000107e+01 1.021000000000000085e+01 1.022000000000000064e+01 1.023000000000000043e+01 1.024000000000000021e+01 1.025000000000000000e+01 1.025999999999999979e+01 1.026999999999999957e+01 1.027999999999999936e+01 1.029000000000000092e+01 1.030000000000000071e+01 1.031000000000000050e+01 1.032000000000000028e+01 1.033000000000000007e+01 1.033999999999999986e+01 1.034999999999999964e+01 1.035999999999999943e+01 1.037000000000000099e+01 1.038000000000000078e+01 1.039000000000000057e+01 1.040000000000000036e+01 1.041000000000000014e+01 1.041999999999999993e+01 1.042999999999999972e+01 1.043999999999999950e+01 1.045000000000000107e+01 1.046000000000000085e+01 1.047000000000000064e+01 1.048000000000000043e+01 1.049000000000000021e+01 1.050000000000000000e+01 1.050999999999999979e+01 1.051999999999999957e+01 1.052999999999999936e+01 1.054000000000000092e+01 1.055000000000000071e+01 1.056000000000000050e+01 1.057000000000000028e+01 1.058000000000000007e+01 1.058999999999999986e+01 1.059999999999999964e+01 1.060999999999999943e+01 1.062000000000000099e+01 1.063000000000000078e+01 1.064000000000000057e+01 1.065000000000000036e+01 1.066000000000000014e+01 1.066999999999999993e+01 1.067999999999999972e+01 1.068999999999999950e+01 1.070000000000000107e+01 1.071000000000000085e+01 1.072000000000000064e+01 1.073000000000000043e+01 1.074000000000000021e+01 1.075000000000000000e+01 1.075999999999999979e+01 1.076999999999999957e+01 1.077999999999999936e+01 1.079000000000000092e+01 1.080000000000000071e+01 1.081000000000000050e+01 1.082000000000000028e+01 1.083000000000000007e+01 1.083999999999999986e+01 1.084999999999999964e+01 1.085999999999999943e+01 1.087000000000000099e+01 1.088000000000000078e+01 1.089000000000000057e+01 1.090000000000000036e+01 1.091000000000000014e+01 1.091999999999999993e+01 1.092999999999999972e+01 1.093999999999999950e+01 1.095000000000000107e+01 1.096000000000000085e+01 1.097000000000000064e+01 1.098000000000000043e+01 1.099000000000000021e+01 1.100000000000000000e+01 1.100999999999999979e+01 1.101999999999999957e+01 1.102999999999999936e+01 1.104000000000000092e+01 1.105000000000000071e+01 1.106000000000000050e+01 1.107000000000000028e+01 1.108000000000000007e+01 1.108999999999999986e+01 1.109999999999999964e+01 1.110999999999999943e+01 1.112000000000000099e+01 1.113000000000000078e+01 1.114000000000000057e+01 1.115000000000000036e+01 1.116000000000000014e+01 1.116999999999999993e+01 1.117999999999999972e+01 1.118999999999999950e+01 1.120000000000000107e+01 1.121000000000000085e+01 1.122000000000000064e+01 1.123000000000000043e+01 1.124000000000000021e+01 1.125000000000000000e+01 1.125999999999999979e+01 1.126999999999999957e+01 1.127999999999999936e+01 1.129000000000000092e+01 1.130000000000000071e+01 1.131000000000000050e+01 1.132000000000000028e+01 1.133000000000000007e+01 1.133999999999999986e+01 1.134999999999999964e+01 1.135999999999999943e+01 1.137000000000000099e+01 1.138000000000000078e+01 1.139000000000000057e+01 1.140000000000000036e+01 1.141000000000000014e+01 1.141999999999999993e+01 1.142999999999999972e+01 1.143999999999999950e+01 1.145000000000000107e+01 1.146000000000000085e+01 1.147000000000000064e+01 1.148000000000000043e+01 1.149000000000000021e+01 1.150000000000000000e+01 1.150999999999999979e+01 1.151999999999999957e+01 1.152999999999999936e+01 1.154000000000000092e+01 1.155000000000000071e+01 1.156000000000000050e+01 1.157000000000000028e+01 1.158000000000000007e+01 1.158999999999999986e+01 1.159999999999999964e+01 1.160999999999999943e+01 1.162000000000000099e+01 1.163000000000000078e+01 1.164000000000000057e+01 1.165000000000000036e+01 1.166000000000000014e+01 1.166999999999999993e+01 1.167999999999999972e+01 1.168999999999999950e+01 1.170000000000000107e+01 1.171000000000000085e+01 1.172000000000000064e+01 1.173000000000000043e+01 1.174000000000000021e+01 1.175000000000000000e+01 1.175999999999999979e+01 1.176999999999999957e+01 1.177999999999999936e+01 1.179000000000000092e+01 1.180000000000000071e+01 1.181000000000000050e+01 1.182000000000000028e+01 1.183000000000000007e+01 1.183999999999999986e+01 1.184999999999999964e+01 1.185999999999999943e+01 1.187000000000000099e+01 1.188000000000000078e+01 1.189000000000000057e+01 1.190000000000000036e+01 1.191000000000000014e+01 1.191999999999999993e+01 1.192999999999999972e+01 1.193999999999999950e+01 1.195000000000000107e+01 1.196000000000000085e+01 1.197000000000000064e+01 1.198000000000000043e+01 1.199000000000000021e+01 1.200000000000000000e+01
0.000000000000000000e+00 1.933647942868952849e-02 3.866628270922585486e-02 5.798273784626630650e-02 7.727918151159446358e-02 9.654896336881983732e-02 1.157854503873526480e-01 1.349820311420944496e-01 1.541321200952990855e-01 1.732291618570759861e-01 1.922666354210277317e-01 2.112380583715377236e-01 2.301369910592518941e-01 2.489570407413266295e-01 2.676918656830521437e-01 2.863351792174932964e-01 3.048807537598341999e-01 3.233224247731542045e-01 3.416540946824073721e-01 3.598697367334319219e-01 3.779633987938628703e-01 3.959292070928833729e-01 4.137613698967995690e-01 4.314541811174935071e-01 4.490020238508689032e-01 4.663993738424690449e-01 4.836408028775192602e-01 5.007209820927185362e-01 5.176346852071701532e-01 5.343767916699352361e-01 5.509422897217524095e-01 5.673262793685607264e-01 5.835239752645481337e-01 5.995307095025161903e-01 6.153419343094680416e-01 6.309532246453778415e-01 6.463602807032328146e-01 6.615589303084997708e-01 6.765451312162743536e-01 6.913149733044716694e-01 7.058646806615027636e-01 7.201906135669945419e-01 7.342892703641956675e-01 7.481572892228189886e-01 7.617914497911808525e-01 7.751886747365810404e-01 7.883460311729921788e-01 8.012607319752107493e-01 8.139301369787514950e-01 8.263517540648390725e-01 8.385232401299967941e-01 8.504424019398030277e-01 8.621071968665008356e-01 8.735157335102765597e-01 8.846662722040914417e-01 8.955572254020832679e-01 9.061871579516403985e-01 9.165547872493899906e-01 9.266589832813929561e-01 9.364987685479967405e-01 9.460733178738579552e-01 9.553819581037847897e-01 9.644241676851098566e-01 9.731995761374512277e-01 9.817079634107819253e-01 9.899492591328270530e-01 9.979235417469481950e-01 1.005631037541707462e+00 1.013072119573438234e+00 1.020247306483237359e+00 1.027157261209867833e+00 1.033802789600162919e+00 1.040184838918611909e+00 1.046304496257873362e+00 1.052162986852080095e+00 1.057761672294815547e+00 1.063102048663824517e+00 1.068185744554472016e+00 1.073014519024148461e+00 1.077590259449814125e+00 1.081914979300984125e+00 1.085990815830521372e+00 1.089820027685632020e+00 1.093404992441576962e+00 1.096748204060619569e+00 1.099852270278808719e+00 1.102719909923253416e+00 1.105353950162585530e+00 1.107757323693353113e+00 1.109933065865133628e+00 1.111884311747215914e+00 1.113614293139697065e+00 1.115126335531914092e+00 1.116423855011148714e+00 1.117510355124559540e+00 1.118389423697356611e+00 1.119064729610202757e+00 1.119540019538913356e+00 1.119819114659475812e+00 1.119905907321470551e+00 1.119804357692969932e+00 1.119518490379991738e+00 1.119052391023600102e+00 1.118410202877740067e+00 1.117596123370897976e+00 1.116614400654662109e+00 1.115469330142264681e+00 1.114165251040162952e+00 1.112706542875709692e+00 1.111097622023947462e+00 1.109342938236535181e+00 1.107446971175794159e+00 1.105414226956841661e+00 1.103249234700736103e+00 1.100956543101555107e+00 1.098540717010249246e+00 1.096006334038131635e+00 1.093357981182760730e+00 1.090600251479012073e+00 1.087737740677992004e+00 1.084775043956501595e+00 1.081716752659621195e+00 1.078567451078988881e+00 1.075331713269284339e+00 1.072014099905348683e+00 1.068619155182332969e+00 1.065151403761215754e+00 1.061615347761931449e+00 1.058015463806336820e+00 1.054356200113138131e+00 1.050641973646839977e+00 1.046877167322725510e+00 1.043066127269795418e+00 1.039213160153507287e+00 1.035322530560111476e+00 1.031398458444278132e+00 1.027445116641648060e+00 1.023466628447865956e+00 1.019467065265549754e+00 1.015450444320617818e+00 1.011420726449256513e+00 1.007381813956790273e+00 1.003337548549580571e+00 9.992917093410288443e-01 9.952480109326872215e-01 9.912101015713443708e-01 9.871815613829376668e-01 9.831659006840093307e-01 9.791665583713631271e-01 9.751869003904858335e-01 9.712302182832299735e-01 9.672997278151391765e-01 9.633985676827466760e-01 9.595297983010876441e-01 9.556964006715554794e-01 9.519012753301970831e-01 9.481472413764229223e-01 9.444370355820397300e-01 9.407733115804485236e-01 9.371586391357372703e-01 9.335955034913668849e-01 9.300863047980184595e-01 9.266333576201466471e-01 9.232388905206662111e-01 9.199050457231634503e-01 9.166338788509078572e-01 9.134273587419194929e-01 9.102873673392437581e-01 9.072156996555162944e-01 9.042140638108708828e-01 9.012840811431243049e-01 8.984272863891791250e-01 8.956451279364384677e-01 8.929389681430569548e-01 8.903100837257353906e-01 8.877596662137265948e-01 8.852888224676854767e-01 8.828985752619133986e-01 8.805898639285342222e-01 8.783635450620602692e-01 8.762203932827887787e-01 8.741611020574003854e-01 8.721862845751244819e-01 8.702964746777601679e-01 8.684921278418495927e-01 8.667736222112220057e-01 8.651412596781279385e-01 8.635952670111521901e-01 8.621357970280532079e-01 8.607629298116558081e-01 8.594766739669215116e-01 8.582769679172815858e-01 8.571636812383055526e-01 8.561366160267754877e-01 8.551955083032042326e-01 8.543400294458540767e-01 8.535697876542739371e-01 8.528843294403984920e-01 8.522831411452217454e-01 8.517656504790906968e-01 8.513312280836342616e-01 8.509791891133601238e-01 8.507087948349864037e-01 8.505192542425170643e-01 8.504097256861687937e-01 8.503793185131907073e-01 8.504270947186809426e-01 8.505520706045167634e-01 8.507532184445129042e-01 8.510294681539715134e-01 8.513797089617882730e-01 8.518027910833256833e-01 8.522975273922690498e-01 8.528626950897377768e-01 8.534970373689237944e-01 8.541992650735911186e-01 8.549680583487921925e-01 8.558020682821758651e-01 8.566999185343470158e-01 8.576602069567104136e-01 8.586815071953447509e-01 8.597623702794225942e-01 8.609013261927978000e-01 8.620968854273803883e-01 8.633475405169971362e-01 8.646517675504509226e-01 8.660080276625767848e-01 8.674147685020943133e-01 8.688704256751655919e-01 8.703734241635511237e-01 8.719221797163577703e-01 8.735151002144019294e-01 8.751505870062736836e-01 8.768270362152177366e-01 8.785428400160294471e-01 8.802963878812036791e-01 8.820860677956242624e-01 8.839102674391289272e-01 8.857673753363756175e-01 8.876557819734330890e-01 8.895738808806249454e-01 8.915200696811681480e-01 8.934927511052435101e-01 8.954903339691433484e-01 8.975112341192288401e-01 8.995538753404638266e-01 9.016166902293655250e-01 9.036981210312220458e-01 9.057966204415377476e-01 9.079106523716534705e-01 9.100386926785957176e-01 9.121792298592232839e-01 9.143307657087916818e-01 9.164918159441176604e-01 9.186609107915651995e-01 9.208365955401004443e-01 9.230174310597611953e-01 9.252019942858482615e-01 9.273888786692808806e-01 9.295766945935181047e-01 9.317640697585288789e-01 9.339496495323535985e-01 9.361320972707636301e-01 9.383100946056455172e-01 9.404823417027110555e-01 9.426475574891873821e-01 9.448044798521990639e-01 9.469518658085177565e-01 9.490884916464600307e-01 9.512131530406880975e-01 9.533246651407161210e-01 9.554218626339311404e-01 9.575035997839964619e-01 9.595687504454750716e-01 9.616162080555656910e-01 9.636448856038570820e-01 9.656537155809993278e-01 9.676416499072381106e-01 9.696076598417394665e-01 9.715507358736569232e-01 9.734698875959130193e-01 9.753641435626432266e-01 9.772325511312827118e-01 9.790741762902761547e-01 9.808881034733824000e-01 9.826734353615442785e-01 9.844292926733133609e-01 9.861548139447976480e-01 9.878491553000928738e-01 9.895114902131749712e-01 9.911410092621845136e-01 9.927369198770877867e-01 9.942984460815987857e-01 9.958248282303310273e-01 9.973153227420533673e-01 9.987692018299642038e-01 1.000185753229856145e+00 1.001564279927022127e+00 1.002904099882752309e+00 1.004204545761240963e+00 1.005464964657694082e+00 1.006684717828422171e+00 1.007863180423662852e+00 1.008999741223864932e+00 1.010093802380123806e+00 1.011144779159460771e+00 1.012152099695571961e+00 1.013115204745675735e+00 1.014033547454038731e+00 1.014906593122741452e+00 1.015733818990206094e+00 1.016514714017985321e+00 1.017248778686266730e+00 1.017935524798520008e+00 1.018574475295693338e+00 1.019165164080307218e+00 1.019707135850783430e+00 1.020199945946281161e+00 1.020643160202332256e+00 1.021036354817463687e+00 1.021379116231014628e+00 1.021671041012291781e+00 1.021911735761187767e+00 1.022100817020324071e+00 1.022237911198809801e+00 1.022322654507565876e+00 1.022354692906244589e+00 1.022333682061667526e+00 1.022259287317671905e+00 1.022131183676292077e+00 1.021949055790051242e+00 1.021712597965220626e+00 1.021421514175822498e+00 1.021075518088084388e+00 1.020674333095102027e+00 1.020217692361371276e+00 1.019705338876852885e+00 1.019137025520192807e+00 1.018512515130700624e+00 1.017831580588661744e+00 1.017094004903512650e+00 1.016299581309431099e+00 1.015448113367805050e+00 1.014539415076084028e+00 1.013573310982449627e+00 1.012549636305747125e+00 1.011468237060080932e+00 1.010328970183490993e+00 1.009131703670062441e+00 1.007876316704858333e+00 1.006562699801002436e+00 1.005190754938266595e+00 1.003760395702477437e+00 1.002271547425057641e+00 1.000724147322023638e+00 9.991181446317045634e-01 9.974535007505200834e-01 9.957301893660669423e-01 9.939481965868219859e-01 9.921075210677375855e-01 9.902081741310209129e-01 9.882501798813638771e-01 9.862335753149367168e-01 9.841584104214133877e-01 9.820247482783518445e-01 9.798326651372041285e-01 9.775822505002970120e-01 9.752736071880889757e-01 9.729068513960511533e-01 9.704821127405031111e-01 9.679995342927849578e-01 9.654592726011302917e-01 9.628614976996313635e-01 9.602063931037257971e-01 9.574941557916143431e-01 9.547249961710787547e-01 9.518991380311712103e-01 9.490168184782599159e-01 9.460782878559769182e-01 9.430838096485885114e-01 9.400336603673873359e-01 9.369281294196816212e-01 9.337675189600380676e-01 9.305521437234213211e-01 9.272823308399190667e-01 9.239584196307862873e-01 9.205807613855530036e-01 9.171497191199831089e-01 9.136656673147102170e-01 9.101289916343964226e-01 9.065400886273133896e-01 9.028993654052679396e-01 8.992072393038255118e-01 8.954641375228441502e-01 8.916704967473475518e-01 8.878267627488072300e-01 8.839333899669440386e-01 8.799908410722057095e-01 8.759995865091001477e-01 8.719601040206073073e-01 8.678728781539388759e-01 8.637383997479437525e-01 8.595571654024954933e-01 8.553296769302455305e-01 8.510564407911579421e-01 8.467379675102678638e-01 8.423747710791721355e-01 8.379673683417604435e-01 8.335162783647653839e-01 8.290220217937291913e-01 8.244851201950169628e-01 8.199060953845489497e-01 8.152854687439632375e-01 8.106237605249425604e-01 8.059214891424769656e-01 8.011791704578602458e-01 7.963973170522733458e-01 7.915764374917940716e-01 7.867170355847439289e-01 7.818196096322931332e-01 7.768846516732634822e-01 7.719126467241109735e-01 7.669040720150904766e-01 7.618593962236128725e-01 7.567790787058555901e-01 7.516635687276789213e-01 7.465133046959468999e-01 7.413287133913325500e-01 7.361102092037660194e-01 7.308581933716163936e-01 7.255730532257903542e-01 7.202551614398914337e-01 7.149048752876140389e-01 7.095225359085570727e-01 7.041084675836372098e-01 6.986629770212955393e-01 6.931863526557071609e-01 6.876788639581732365e-01 6.821407607629073055e-01 6.765722726084127947e-01 6.709736080956436588e-01 6.653449542641410863e-01 6.596864759873256601e-01 6.539983153881370193e-01 6.482805912761566702e-01 6.425333986073995529e-01 6.367568079678938009e-01 6.309508650821830100e-01 6.251155903478566866e-01 6.192509783971956727e-01 6.133569976870060225e-01 6.074335901176821650e-01 6.014806706825229776e-01 5.954981271483076322e-01 5.894858197680735712e-01 5.834435810270688361e-01 5.773712154227733651e-01 5.712684992798524597e-01 5.651351806009196066e-01 5.589709789538818141e-01 5.527755853966643818e-01 5.465486624400344162e-01 5.402898440492213128e-01 5.339987356849877909e-01 5.276749143847613288e-01 5.213179288843892145e-01 5.149272997810422359e-01 5.085025197377427419e-01 5.020430537299501728e-01 4.955483393345692100e-01 4.890177870617287148e-01 4.824507807296071760e-01 4.758466778825282129e-01 4.692048102525112063e-01 4.625244842643971843e-01 4.558049815846276775e-01 4.490455597136859822e-01 4.422454526221682447e-01 4.354038714303943292e-01 4.285200051314012049e-01 4.215930213571194018e-01 4.146220671874837893e-01 4.076062700021268470e-01 4.005447383743249157e-01 3.934365630067268027e-01 3.862808177083995598e-01 3.790765604126364319e-01 3.718228342349256810e-01 3.645186685704224772e-01 3.571630802302073748e-01 3.497550746155593249e-01 3.422936469294158845e-01 3.347777834241385531e-01 3.272064626846419300e-01 3.195786569459034276e-01 3.118933334437994920e-01 3.041494557981757052e-01 2.963459854269984706e-01 2.884818829903946780e-01 2.805561098633208572e-01 2.725676296355662442e-01 2.645154096377457242e-01 2.563984224918875454e-01 2.482156476851735127e-01 2.399660731653568968e-01 2.316486969563265608e-01 2.232625287922565260e-01 2.148065917687285165e-01 2.062799240091912900e-01 1.976815803450719666e-01 1.890106340078230307e-01 1.802661783311640675e-01 1.714473284617300253e-01 1.625532230763265529e-01 1.535830261039420330e-01 1.445359284506781139e-01 1.354111497256854091e-01 1.262079399662226209e-01 1.169255813598927274e-01 1.075633899621275397e-01 9.812071740695051114e-02 8.859695260905334213e-02 7.899152345519647178e-02 6.930389848295050170e-02 5.953358854476849954e-02 4.968014845539504148e-02 3.974317862060573747e-02 2.972232664527355017e-02 1.961728891875429495e-02 9.427812175610856410e-03 -8.463049703355829140e-04 -1.120521052058756802e-02 -2.164899761715762677e-02 -3.217770310032009445e-02 -4.279130610085357667e-02 -5.348972666869614839e-02 -6.427282443990552097e-02 -7.514039734379940327e-02 -8.609218035211518849e-02 -9.712784427201132109e-02 -1.082469945846914611e-01 -1.194491703314049941e-01 -1.307338430485432412e-01 -1.421004157535157020e-01 -1.535482219830309747e-01 -1.650765248853994505e-01 -1.766845163684026276e-01 -1.883713163042392280e-01 -2.001359717930097648e-01 -2.119774564861499622e-01 -2.238946699711709953e-01 -2.358864372190157266e-01 -2.479515080952754691e-01 -2.600885569364591032e-01 -2.722961821924582693e-01 -2.845729061362599621e-01 -2.969171746419393410e-01 -3.093273570318644250e-01 -3.218017459939911395e-01 -3.343385575700771883e-01 -3.469359312155393393e-01 -3.595919299316518991e-01 -3.723045404706665784e-01 -3.850716736144150221e-01 -3.978911645268268238e-01 -4.107607731807694229e-01 -4.236781848595108646e-01 -4.366410107330492840e-01 -4.496467885094561634e-01 -4.626929831613326716e-01 -4.757769877273717585e-01 -4.888961241889565601e-01 -5.020476444216473988e-01 -5.152287312213219561e-01 -5.284364994046626407e-01 -5.416679969836043496e-01 -5.549202064132682244e-01 -5.681900459128503833e-01 -5.814743708588159254e-01 -5.947699752497201953e-01 -6.080735932418588341e-01 -6.213819007548833095e-01 -6.346915171464606598e-01 -6.479990069549382836e-01 -6.613008817089472968e-01 -6.745936018027547387e-01 -6.878735784361370564e-01 -7.011371756174470393e-01 -7.143807122285015243e-01 -7.276004641498120540e-01 -7.407926664446328191e-01 -7.539535156002352689e-01 -7.670791718247209623e-01 -7.801657613976570316e-01 -7.932093790727217097e-01 -8.062060905304968550e-01 -8.191519348794912281e-01 -8.320429272033966761e-01 -8.448750611525402965e-01 -8.576443115774333714e-01 -8.703466372022480302e-01 -8.829779833360480445e-01 -8.955342846194653816e-01 -9.080114678045644316e-01 -9.204054545655214747e-01 -9.327121643377086491e-01 -9.449275171827812292e-01 -9.570474366772585562e-01 -9.690678528220980636e-01 -9.809847049707285382e-01 -9.927939447729371425e-01 -1.004491539132024824e+00 -1.016073473172584674e+00 -1.027535753216254566e+00 -1.038874409762740259e+00 -1.050085500473454836e+00 -1.061165113155011719e+00 -1.072109368739883495e+00 -1.082914424261463671e+00 -1.093576475820808636e+00 -1.104091761542289385e+00 -1.114456564515415860e+00 -1.124667215720092317e+00 -1.134720096932536615e+00 -1.144611643609137364e+00 -1.154338347745524684e+00 -1.163896760708126532e+00 -1.173283496035516960e+00 -1.182495232206878244e+00 -1.191528715374897240e+00 -1.200380762060477169e+00 -1.209048261806642044e+00 -1.217528179789063136e+00 -1.225817559380635746e+00 -1.233913524667618278e+00 -1.241813282914842942e+00 -1.249514126977555817e+00 -1.257013437657497512e+00 -1.264308686000887638e+00 -1.271397435535986498e+00 -1.278277344448014663e+00 -1.284946167689197338e+00 -1.291401759021820972e+00 -1.297642072992215345e+00 -1.303665166833609002e+00 -1.309469202295937773e+00 -1.315052447400655300e+00 -1.320413278118777178e+00 -1.325550179970338194e+00 -1.330461749543602856e+00 -1.335146695932393657e+00 -1.339603842090003827e+00 -1.343832126098207569e+00 -1.347830602349980422e+00 -1.351598442644622367e+00 -1.355134937194045541e+00 -1.358439495539064845e+00 -1.361511647374637590e+00 -1.364351043283051679e+00 -1.366957455374193442e+00 -1.369330777832035606e+00 -1.371471027366671036e+00 -1.373378343571221460e+00 -1.375052989183088048e+00 -1.376495350249098859e+00 -1.377705936194151937e+00 -1.378685379793129107e+00 -1.379434437045852224e+00 -1.379953986955025469e+00 -1.380245031207122608e+00 -1.380308693756376437e+00 -1.380146220311982752e+00 -1.379758977728852587e+00 -1.379148453302250665e+00 -1.378316253966796356e+00 -1.377264105400365146e+00 -1.375993851033547433e+00 -1.374507450965398725e+00 -1.372806980786281050e+00 -1.370894630308736151e+00 -1.368772702207365688e+00 -1.366443610568826683e+00 -1.363909879353094379e+00 -1.361174140767256402e+00 -1.358239133553184042e+00 -1.355107701190496172e+00 -1.351782790016323066e+00 -1.348267447263449492e+00 -1.344564819018492008e+00 -1.340678148101872358e+00 -1.336610771871350911e+00 -1.332366119951058581e+00 -1.327947711887933702e+00 -1.323359154737615340e+00 -1.318604140581865591e+00 -1.313686443979683816e+00 -1.308609919354331685e+00 -1.303378498318523482e+00 -1.297996186940138630e+00 -1.292467062950841239e+00 -1.286795272900026044e+00 -1.280985029256612728e+00 -1.275040607461210618e+00 -1.268966342931242552e+00 -1.262766628021647408e+00 -1.256445908943853773e+00 -1.250008682645691316e+00 -1.243459493655013848e+00 -1.236802930889786323e+00 -1.230043624437436867e+00 -1.223186242306299132e+00 -1.216235487152001138e+00 -1.209196092981661641e+00 -1.202072821838772176e+00 -1.194870460471687768e+00 -1.187593816988613105e+00 -1.180247717502015181e+00 -1.172837002765387826e+00 -1.165366524805292681e+00 -1.157841143551600283e+00 -1.150265723468862689e+00 -1.142645130191726643e+00 -1.134984227167296744e+00 -1.127287872307340733e+00 -1.119560914653223049e+00 -1.111808191056420592e+00 -1.104034522877463065e+00 -1.096244712706112789e+00 -1.088443541105573287e+00 -1.080635763383493542e+00 -1.072826106392477330e+00 -1.065019265362805001e+00 -1.057219900770022036e+00 -1.049432635239996747e+00 -1.041662050494027270e+00 -1.033912684336519838e+00 -1.026189027687719912e+00 -1.018495521663916659e+00 -1.010836554707499113e+00 -1.003216459769184832e+00 -9.956395115446822208e-01 -9.881099237679784597e-01 -9.806318465634175086e-01 -9.732093638586255535e-01 -9.658464908602921728e-01 -9.585471715947814220e-01 -9.513152765154128110e-01 -9.441546001782344932e-01 -9.370688589880222796e-01 -9.300616890161556016e-01 -9.231366438919500483e-01 -9.162971927689596008e-01 -9.095467183676730905e-01 -9.028885150959413686e-01 -8.963257872484139410e-01 -8.898616472861732296e-01 -8.834991141976422657e-01 -8.772411119418210834e-01 -8.710904679747503154e-01 -8.650499118600780690e-01 -8.591220739644819249e-01 -8.533094842386174106e-01 -8.476145710841983538e-01 -8.420396603077020536e-01 -8.365869741611220434e-01 -8.312586304700991802e-01 -8.260566418496687602e-01 -8.209829150077899707e-01 -8.160392501367219609e-01 -8.112273403922247716e-01 -8.065487714604954173e-01 -8.020050212126416112e-01 -7.975974594464281253e-01 -7.933273477149249686e-01 -7.891958392416301704e-01 -7.852039789215409238e-01 -7.813527034075679056e-01 -7.776428412815936664e-01 -7.740751133094353476e-01 -7.706501327788476408e-01 -7.673684059196403950e-01 -7.642303324049473101e-01 -7.612362059325251673e-01 -7.583862148849813689e-01 -7.556804430676892226e-01 -7.531188705231223190e-01 -7.507013744202353234e-01 -7.484277300174924097e-01 -7.462976116980468699e-01 -7.443105940755269101e-01 -7.424661531688286908e-01 -7.407636676442396206e-01 -7.392024201231925939e-01 -7.377815985538479504e-01 -7.365002976446993754e-01 -7.353575203583234687e-01 -7.343521794633393052e-01 -7.334830991426236624e-01 -7.327490166557624196e-01 -7.321485840536957612e-01 -7.316803699434633046e-01 -7.313428613009265167e-01 -7.311344653293220253e-01 -7.310535113614481384e-01 -7.310982528032851091e-01 -7.312668691168036084e-01 -7.315574678397005481e-01 -7.319680866398028396e-01 -7.324966954018202747e-01 -7.331411983441459279e-01 -7.338994361633993657e-01 -7.347691882043552170e-01 -7.357481746529522804e-01 -7.368340587500168404e-01 -7.380244490233842658e-01 -7.393169015360593344e-01 -7.407089221481011343e-01 -7.421979687898982991e-01 -7.437814537445111007e-01 -7.454567459367856808e-01 -7.472211732269564699e-01 -7.490720247064401871e-01 -7.510065529936008621e-01 -7.530219765272244681e-01 -7.551154818555250170e-01 -7.572842259184796587e-01 -7.595253383213598219e-01 -7.618359235973306554e-01 -7.642130634570343251e-01 -7.666538190231204641e-01 -7.691552330476930655e-01 -7.717143321107210463e-01 -7.743281287974724814e-01 -7.769936238530948946e-01 -7.797078083125010828e-01 -7.824676656037640177e-01 -7.852701736232883256e-01 -7.881123067810670291e-01 -7.909910380143693187e-01 -7.939033407683059318e-01 -7.968461909417156042e-01 -7.998165687969199800e-01 -8.028114608319275591e-01 -8.058278616137405370e-01 -8.088627755714582479e-01 -8.119132187479752849e-01 -8.149762205090711475e-01 -8.180488252088266021e-01 -8.211280938102964999e-01 -8.242111054604872589e-01 -8.272949590187286262e-01 -8.303767745375875142e-01 -8.334536946955645176e-01 -8.365228861808723382e-01 -8.395815410256373124e-01 -8.426268778899759226e-01 -8.456561432954347035e-01 -8.486666128073675486e-01 -8.516555921658779393e-01 -8.546204183650403241e-01 -8.575584606801591736e-01 -8.604671216429234937e-01 -8.633438379643497695e-01 -8.661860814054878066e-01 -8.689913595959420922e-01 -8.717572168003022703e-01 -8.744812346326615859e-01 -8.771610327194553358e-01 -8.797942693109251922e-01 -8.823786418415607846e-01 -8.849118874399519719e-01 -8.873917833885367479e-01 -8.898161475337770243e-01 -8.921828386473815709e-01 -8.944897567392178228e-01 -8.967348433226385307e-01 -8.989160816329925252e-01 -9.010314968001300606e-01 -9.030791559757939124e-01 -9.050571684167948439e-01 -9.069636855249705309e-01 -9.087969008449141572e-01 -9.105550500205651376e-01 -9.122364107117336696e-01 -9.138393024717349489e-01 -9.153620865872983403e-01 -9.168031658819696395e-01 -9.181609844842850698e-01 -9.194340275619761194e-01 -9.206208210235542477e-01 -9.217199311886008495e-01 -9.227299644281570234e-01 -9.236495667766025930e-01 -9.244774235164534559e-01 -9.252122587375221086e-01 -9.258528348718998435e-01 -9.263979522062362193e-01 -9.268464483728272585e-01 -9.271971978209897491e-01 -9.274491112702470952e-01 -9.276011351468593791e-01 -9.276522510052018777e-01 -9.276014749355339095e-01 -9.274478569596842359e-01 -9.271904804161784641e-01 -9.268284613363361180e-01 -9.263609478128457253e-01 -9.257871193623418149e-01 -9.251061862834641936e-01 -9.243173890119091851e-01 -9.234199974739140115e-01 -9.224133104396670113e-01 -9.212966548780426868e-01 -9.200693853141046485e-01 -9.187308831907585738e-01 -9.172805562359260811e-01 -9.157178378365765647e-01 -9.140421864209473668e-01 -9.122530848502088396e-01 -9.103500398208570488e-01 -9.083325812790286058e-01 -9.062002618479377825e-01 -9.039526562695699985e-01 -9.015893608617495669e-01 -8.991099929916440692e-01 -8.965141905667365352e-01 -8.938016115442526388e-01 -8.909719334599731644e-01 -8.880248529773467903e-01 -8.849600854577261977e-01 -8.817773645525658344e-01 -8.784764418182966494e-01 -8.750570863546133227e-01 -8.715190844668134762e-01 -8.678622393527972712e-01 -8.640863708152763945e-01 -8.601913149997032493e-01 -8.561769241583456758e-01 -8.520430664409203159e-01 -8.477896257121247947e-01 -8.434165013963330626e-01 -8.389236083497065843e-01 -8.343108767598859110e-01 -8.295782520733898657e-01 -8.247256949507850710e-01 -8.197531812496338111e-01 -8.146607020351868123e-01 -8.094482636187145808e-01 -8.041158876233255315e-01 -7.986636110770696240e-01 -7.930914865330658259e-01 -7.873995822163353253e-01 -7.815879821969866637e-01 -7.756567865893195801e-01 -7.696061117763937087e-01 -7.634360906595391016e-01 -7.571468729322335944e-01 -7.507386253777394991e-01 -7.442115321898316038e-01 -7.375657953158979430e-01 -7.308016348216785918e-01 -7.239192892768068210e-01 -7.169190161603500311e-01 -7.098010922854267601e-01 -7.025658142420017072e-01 -6.952134988568819951e-01 -6.877444836699098119e-01 -6.801591274253194763e-01 -6.724578105771928938e-01 -6.646409358078865237e-01 -6.567089285583169733e-01 -6.486622375689279352e-01 -6.405013354301463124e-01 -6.322267191411155007e-01 -6.238389106754478330e-01 -6.153384575527536260e-01 -6.067259334146422045e-01 -5.980019386039010509e-01 -5.891671007455359099e-01 -5.802220753283270360e-01 -5.711675462855718699e-01 -5.620042265736433507e-01 -5.527328587470093924e-01 -5.433542155283366260e-01 -5.338691003723048389e-01 -5.242783480217620973e-01 -5.145828250548329930e-01 -5.047834304216148871e-01 -4.948810959690846389e-01 -4.848767869528588514e-01 -4.747715025344428907e-01 -4.645662762626356357e-01 -4.542621765377420351e-01 -4.438603070572877396e-01 -4.333618072419262446e-01 -4.227678526402605108e-01 -4.120796553113078020e-01 -4.012984641833774457e-01 -3.904255653881363863e-01 -3.794622825686777556e-01 -3.684099771604248397e-01 -3.572700486437467848e-01 -3.460439347671760979e-01 -3.347331117401662892e-01 -3.233390943943567630e-01 -3.118634363123484188e-01 -3.003077299230335617e-01 -2.886736065625637448e-01 -2.769627365000802421e-01 -2.651768289273721546e-01 -2.533176319116767217e-01 -2.413869323108792653e-01 -2.293865556504124381e-01 -2.173183659612155094e-01 -2.051842655781455083e-01 -1.929861948983027375e-01 -1.807261320987647857e-01 -1.684060928132934398e-01 -1.560281297676177903e-01 -1.435943323729603760e-01 -1.311068262775255400e-01 -1.185677728757200400e-01 -1.059793687749419344e-01 -9.334384521982010130e-02 -8.066346747385176597e-02 -6.794053415843834265e-02 -5.517737654938064534e-02 -4.237635783095031888e-02 -2.953987230771535494e-02 -1.667034457435336015e-02 -3.770228643746191804e-03 9.157992966292280781e-03 2.211181018724578742e-02 3.508868639461454331e-02 4.808605944259802811e-02 6.110134273815973072e-02 7.413192635383263063e-02 8.717517817857116380e-02 1.002284451058967768e-01 1.132890542585321542e-01 1.263543142486606985e-01 1.394215164728996592e-01 1.524879364410189619e-01 1.655508351373845000e-01 1.786074604140651112e-01 1.916550484144735611e-01 2.046908250263851647e-01 2.177120073631143016e-01 2.307158052715918839e-01 2.436994228660407380e-01 2.566600600859019199e-01 2.695949142766227991e-01 2.825011817918812174e-01 2.953760596157811169e-01 3.082167470035147017e-01 3.210204471389531133e-01 3.337843688076007620e-01 3.465057280833061526e-01 3.591817500271008989e-01 3.718096703965089178e-01 3.843867373636422613e-01 3.969102132403715677e-01 4.093773762088491197e-01 4.217855220556324114e-01 4.341319659076390280e-01 4.464140439681580919e-01 4.586291152511190461e-01 4.707745633118134987e-01 4.828477979722561875e-01 4.948462570393638571e-01 5.067674080141250093e-01 5.186087497899352083e-01 5.303678143382714039e-01 5.420421683798722912e-01 5.536294150396127156e-01 5.651271954832537414e-01 5.765331905342647723e-01 5.878451222689166089e-01 5.990607555878809665e-01 6.101778997625504353e-01 6.211944099543490472e-01 6.321081887053019432e-01 6.429171873981507357e-01 6.536194076843464540e-01 6.642129028782617350e-01 6.746957793159897854e-01 6.850661976771532657e-01 6.953223742681382546e-01 7.054625822652463851e-01 7.154851529162653545e-01 7.253884766990076338e-01 7.351710044354029527e-01 7.448312483597863132e-01 7.543677831400427136e-01 7.637792468503418197e-01 7.730643418942264589e-01 7.822218358768714408e-01 7.912505624253881598e-01 8.001494219560824073e-01 8.089173823876660840e-01 8.175534797994238323e-01 8.260568190334395267e-01 8.344265742400266417e-01 8.426619893655588056e-01 8.507623785819729001e-01 8.587271266572623629e-01 8.665556892663538457e-01 8.742475932418179996e-01 8.818024367639260008e-01 8.892198894896347072e-01 8.964996926201437288e-01 9.036416589067352012e-01 9.106456725946801001e-01 9.175116893050498934e-01 9.242397358543446018e-01 9.308299100119290514e-01 9.372823801953157341e-01 9.435973851034143989e-01 9.497752332879322301e-01 9.558163026631862902e-01 9.617210399546358701e-01 9.674899600865372040e-01 9.731236455091707427e-01 9.786227454661700076e-01 9.839879752025385562e-01 9.892201151140188609e-01 9.943200098385375219e-01 9.992885672905049699e-01 1.004126757638838185e+00 1.008835612229618706e+00 1.013416222454356808e+00 1.017869738564917359e+00 1.022197368436201348e+00 1.026400376277743609e+00 1.030480081295456429e+00 1.034437856304787129e+00 1.038275126296623885e+00 1.041993366957338463e+00 1.045594103144414255e+00 1.049078907319130005e+00 1.052449397937869957e+00 1.055707237803613641e+00 1.058854132379279278e+00 1.061891828064571275e+00 1.064822110438065739e+00 1.067646802466294176e+00 1.070367762681648127e+00 1.072986883330893093e+00 1.075506088496230639e+00 1.077927332190761645e+00 1.080252596430320455e+00 1.082483889283629486e+00 1.084623242902766904e+00 1.086672711535983105e+00 1.088634369524862588e+00 1.090510309287937352e+00 1.092302639292785482e+00 1.094013482018733496e+00 1.095644971912232313e+00 1.097199253337055813e+00 1.098678478521408985e+00 1.100084805504085050e+00 1.101420396081797426e+00 1.102687413759809498e+00 1.103888021707995604e+00 1.105024380724441535e+00 1.106098647208708874e+00 1.107112971146869906e+00 1.108069494110392794e+00 1.108970347270967549e+00 1.109817649433340270e+00 1.110613505088174691e+00 1.111360002486995624e+00 1.112059211741187603e+00 1.112713182947037582e+00 1.113323944338756810e+00 1.113893500471406561e+00 1.114423830435599783e+00 1.114916886105829175e+00 1.115374590424242252e+00 1.115798835721621973e+00 1.116191482077307118e+00 1.116554355719746594e+00 1.116889247469332158e+00 1.117197911225086937e+00 1.117482062496789386e+00 1.117743376983993731e+00 1.117983489203433933e+00 1.118203991166154543e+00 1.118406431105750443e+00 1.118592312258969823e+00 1.118763091699899181e+00 1.118920179228907186e+00 1.119064936317431647e+00 1.119198675109662311e+00 1.119322657482082928e+00 1.119438094161775199e+00 1.119546143904359914e+00 1.119647912732302020e+00 1.119744453234344128e+00 1.119836763926657541e+00
