# Thu Jul 15 19:59:29 2021
# Spin blind formalism, bias turned off, lead sites decoupled
# Inputs:
# - Num. leads = (3, 1)
# - Num. impurity sites = 1
# - nelecs = (5, 0)
# - V_leads = 1.0
# - V_imp_leads = 1.0
# - V_bias = -0.005
# - mu = 0.0
# - V_gate = -0.5
# - U = 0.0
0.000000000000000000e+00 1.000000000000000021e-02 2.000000000000000042e-02 2.999999999999999889e-02 4.000000000000000083e-02 5.000000000000000278e-02 5.999999999999999778e-02 7.000000000000000666e-02 8.000000000000000167e-02 8.999999999999999667e-02 1.000000000000000056e-01 1.100000000000000006e-01 1.199999999999999956e-01 1.300000000000000044e-01 1.400000000000000133e-01 1.499999999999999944e-01 1.600000000000000033e-01 1.700000000000000122e-01 1.799999999999999933e-01 1.900000000000000022e-01 2.000000000000000111e-01 2.099999999999999922e-01 2.200000000000000011e-01 2.300000000000000100e-01 2.399999999999999911e-01 2.500000000000000000e-01 2.600000000000000089e-01 2.700000000000000178e-01 2.800000000000000266e-01 2.899999999999999800e-01 2.999999999999999889e-01 3.099999999999999978e-01 3.200000000000000067e-01 3.300000000000000155e-01 3.400000000000000244e-01 3.500000000000000333e-01 3.599999999999999867e-01 3.699999999999999956e-01 3.800000000000000044e-01 3.900000000000000133e-01 4.000000000000000222e-01 4.100000000000000311e-01 4.199999999999999845e-01 4.299999999999999933e-01 4.400000000000000022e-01 4.500000000000000111e-01 4.600000000000000200e-01 4.700000000000000289e-01 4.799999999999999822e-01 4.899999999999999911e-01 5.000000000000000000e-01 5.100000000000000089e-01 5.200000000000000178e-01 5.300000000000000266e-01 5.400000000000000355e-01 5.500000000000000444e-01 5.600000000000000533e-01 5.700000000000000622e-01 5.799999999999999600e-01 5.899999999999999689e-01 5.999999999999999778e-01 6.099999999999999867e-01 6.199999999999999956e-01 6.300000000000000044e-01 6.400000000000000133e-01 6.500000000000000222e-01 6.600000000000000311e-01 6.700000000000000400e-01 6.800000000000000488e-01 6.900000000000000577e-01 7.000000000000000666e-01 7.099999999999999645e-01 7.199999999999999734e-01 7.299999999999999822e-01 7.399999999999999911e-01 7.500000000000000000e-01 7.600000000000000089e-01 7.700000000000000178e-01 7.800000000000000266e-01 7.900000000000000355e-01 8.000000000000000444e-01 8.100000000000000533e-01 8.200000000000000622e-01 8.300000000000000711e-01 8.399999999999999689e-01 8.499999999999999778e-01 8.599999999999999867e-01 8.699999999999999956e-01 8.800000000000000044e-01 8.900000000000000133e-01 9.000000000000000222e-01 9.100000000000000311e-01 9.200000000000000400e-01 9.300000000000000488e-01 9.400000000000000577e-01 9.500000000000000666e-01 9.599999999999999645e-01 9.699999999999999734e-01 9.799999999999999822e-01 9.899999999999999911e-01 1.000000000000000000e+00 1.010000000000000009e+00 1.020000000000000018e+00 1.030000000000000027e+00 1.040000000000000036e+00 1.050000000000000044e+00 1.060000000000000053e+00 1.070000000000000062e+00 1.080000000000000071e+00 1.090000000000000080e+00 1.100000000000000089e+00 1.110000000000000098e+00 1.120000000000000107e+00 1.130000000000000115e+00 1.140000000000000124e+00 1.150000000000000133e+00 1.159999999999999920e+00 1.169999999999999929e+00 1.179999999999999938e+00 1.189999999999999947e+00 1.199999999999999956e+00 1.209999999999999964e+00 1.219999999999999973e+00 1.229999999999999982e+00 1.239999999999999991e+00 1.250000000000000000e+00 1.260000000000000009e+00 1.270000000000000018e+00 1.280000000000000027e+00 1.290000000000000036e+00 1.300000000000000044e+00 1.310000000000000053e+00 1.320000000000000062e+00 1.330000000000000071e+00 1.340000000000000080e+00 1.350000000000000089e+00 1.360000000000000098e+00 1.370000000000000107e+00 1.380000000000000115e+00 1.390000000000000124e+00 1.400000000000000133e+00 1.409999999999999920e+00 1.419999999999999929e+00 1.429999999999999938e+00 1.439999999999999947e+00 1.449999999999999956e+00 1.459999999999999964e+00 1.469999999999999973e+00 1.479999999999999982e+00 1.489999999999999991e+00 1.500000000000000000e+00 1.510000000000000009e+00 1.520000000000000018e+00 1.530000000000000027e+00 1.540000000000000036e+00 1.550000000000000044e+00 1.560000000000000053e+00 1.570000000000000062e+00 1.580000000000000071e+00 1.590000000000000080e+00 1.600000000000000089e+00 1.610000000000000098e+00 1.620000000000000107e+00 1.630000000000000115e+00 1.640000000000000124e+00 1.650000000000000133e+00 1.660000000000000142e+00 1.669999999999999929e+00 1.679999999999999938e+00 1.689999999999999947e+00 1.699999999999999956e+00 1.709999999999999964e+00 1.719999999999999973e+00 1.729999999999999982e+00 1.739999999999999991e+00 1.750000000000000000e+00 1.760000000000000009e+00 1.770000000000000018e+00 1.780000000000000027e+00 1.790000000000000036e+00 1.800000000000000044e+00 1.810000000000000053e+00 1.820000000000000062e+00 1.830000000000000071e+00 1.840000000000000080e+00 1.850000000000000089e+00 1.860000000000000098e+00 1.870000000000000107e+00 1.880000000000000115e+00 1.890000000000000124e+00 1.900000000000000133e+00 1.910000000000000142e+00 1.919999999999999929e+00 1.929999999999999938e+00 1.939999999999999947e+00 1.949999999999999956e+00 1.959999999999999964e+00 1.969999999999999973e+00 1.979999999999999982e+00 1.989999999999999991e+00 2.000000000000000000e+00 2.010000000000000231e+00 2.020000000000000018e+00 2.030000000000000249e+00 2.040000000000000036e+00 2.049999999999999822e+00 2.060000000000000053e+00 2.069999999999999840e+00 2.080000000000000071e+00 2.089999999999999858e+00 2.100000000000000089e+00 2.109999999999999876e+00 2.120000000000000107e+00 2.129999999999999893e+00 2.140000000000000124e+00 2.149999999999999911e+00 2.160000000000000142e+00 2.169999999999999929e+00 2.180000000000000160e+00 2.189999999999999947e+00 2.200000000000000178e+00 2.209999999999999964e+00 2.220000000000000195e+00 2.229999999999999982e+00 2.240000000000000213e+00 2.250000000000000000e+00 2.260000000000000231e+00 2.270000000000000018e+00 2.280000000000000249e+00 2.290000000000000036e+00 2.300000000000000266e+00 2.310000000000000053e+00 2.319999999999999840e+00 2.330000000000000071e+00 2.339999999999999858e+00 2.350000000000000089e+00 2.359999999999999876e+00 2.370000000000000107e+00 2.379999999999999893e+00 2.390000000000000124e+00 2.399999999999999911e+00 2.410000000000000142e+00 2.419999999999999929e+00 2.430000000000000160e+00 2.439999999999999947e+00 2.450000000000000178e+00 2.459999999999999964e+00 2.470000000000000195e+00 2.479999999999999982e+00 2.490000000000000213e+00 2.500000000000000000e+00 2.510000000000000231e+00 2.520000000000000018e+00 2.530000000000000249e+00 2.540000000000000036e+00 2.550000000000000266e+00 2.560000000000000053e+00 2.569999999999999840e+00 2.580000000000000071e+00 2.589999999999999858e+00 2.600000000000000089e+00 2.609999999999999876e+00 2.620000000000000107e+00 2.629999999999999893e+00 2.640000000000000124e+00 2.649999999999999911e+00 2.660000000000000142e+00 2.669999999999999929e+00 2.680000000000000160e+00 2.689999999999999947e+00 2.700000000000000178e+00 2.709999999999999964e+00 2.720000000000000195e+00 2.729999999999999982e+00 2.740000000000000213e+00 2.750000000000000000e+00 2.760000000000000231e+00 2.770000000000000018e+00 2.780000000000000249e+00 2.790000000000000036e+00 2.800000000000000266e+00 2.810000000000000053e+00 2.819999999999999840e+00 2.830000000000000071e+00 2.839999999999999858e+00 2.850000000000000089e+00 2.859999999999999876e+00 2.870000000000000107e+00 2.879999999999999893e+00 2.890000000000000124e+00 2.899999999999999911e+00 2.910000000000000142e+00 2.919999999999999929e+00 2.930000000000000160e+00 2.939999999999999947e+00 2.950000000000000178e+00 2.959999999999999964e+00 2.970000000000000195e+00 2.979999999999999982e+00 2.990000000000000213e+00 3.000000000000000000e+00 3.010000000000000231e+00 3.020000000000000018e+00 3.030000000000000249e+00 3.040000000000000036e+00 3.050000000000000266e+00 3.060000000000000053e+00 3.070000000000000284e+00 3.080000000000000071e+00 3.089999999999999858e+00 3.100000000000000089e+00 3.109999999999999876e+00 3.120000000000000107e+00 3.129999999999999893e+00 3.140000000000000124e+00 3.149999999999999911e+00 3.160000000000000142e+00 3.169999999999999929e+00 3.180000000000000160e+00 3.189999999999999947e+00 3.200000000000000178e+00 3.209999999999999964e+00 3.220000000000000195e+00 3.229999999999999982e+00 3.240000000000000213e+00 3.250000000000000000e+00 3.260000000000000231e+00 3.270000000000000018e+00 3.280000000000000249e+00 3.290000000000000036e+00 3.300000000000000266e+00 3.310000000000000053e+00 3.320000000000000284e+00 3.330000000000000071e+00 3.339999999999999858e+00 3.350000000000000089e+00 3.359999999999999876e+00 3.370000000000000107e+00 3.379999999999999893e+00 3.390000000000000124e+00 3.399999999999999911e+00 3.410000000000000142e+00 3.419999999999999929e+00 3.430000000000000160e+00 3.439999999999999947e+00 3.450000000000000178e+00 3.459999999999999964e+00 3.470000000000000195e+00 3.479999999999999982e+00 3.490000000000000213e+00 3.500000000000000000e+00 3.510000000000000231e+00 3.520000000000000018e+00 3.530000000000000249e+00 3.540000000000000036e+00 3.550000000000000266e+00 3.560000000000000053e+00 3.570000000000000284e+00 3.580000000000000071e+00 3.589999999999999858e+00 3.600000000000000089e+00 3.609999999999999876e+00 3.620000000000000107e+00 3.629999999999999893e+00 3.640000000000000124e+00 3.649999999999999911e+00 3.660000000000000142e+00 3.669999999999999929e+00 3.680000000000000160e+00 3.689999999999999947e+00 3.700000000000000178e+00 3.709999999999999964e+00 3.720000000000000195e+00 3.729999999999999982e+00 3.740000000000000213e+00 3.750000000000000000e+00 3.760000000000000231e+00 3.770000000000000018e+00 3.780000000000000249e+00 3.790000000000000036e+00 3.800000000000000266e+00 3.810000000000000053e+00 3.820000000000000284e+00 3.830000000000000071e+00 3.839999999999999858e+00 3.850000000000000089e+00 3.859999999999999876e+00 3.870000000000000107e+00 3.879999999999999893e+00 3.890000000000000124e+00 3.899999999999999911e+00 3.910000000000000142e+00 3.919999999999999929e+00 3.930000000000000160e+00 3.939999999999999947e+00 3.950000000000000178e+00 3.959999999999999964e+00 3.970000000000000195e+00 3.979999999999999982e+00 3.990000000000000213e+00 4.000000000000000000e+00
-6.016360362903365733e+00 -6.016360362903362180e+00 -6.016360362903363956e+00 -6.016360362903358627e+00 -6.016360362903357739e+00 -6.016360362903356851e+00 -6.016360362903354186e+00 -6.016360362903351522e+00 -6.016360362903350634e+00 -6.016360362903346193e+00 -6.016360362903346193e+00 -6.016360362903341752e+00 -6.016360362903341752e+00 -6.016360362903339976e+00 -6.016360362903337311e+00 -6.016360362903334646e+00 -6.016360362903331982e+00 -6.016360362903331094e+00 -6.016360362903327541e+00 -6.016360362903330206e+00 -6.016360362903326653e+00 -6.016360362903322212e+00 -6.016360362903318659e+00 -6.016360362903318659e+00 -6.016360362903315995e+00 -6.016360362903312442e+00 -6.016360362903312442e+00 -6.016360362903309777e+00 -6.016360362903307113e+00 -6.016360362903306225e+00 -6.016360362903303560e+00 -6.016360362903300896e+00 -6.016360362903297343e+00 -6.016360362903298231e+00 -6.016360362903293790e+00 -6.016360362903292014e+00 -6.016360362903291126e+00 -6.016360362903288461e+00 -6.016360362903288461e+00 -6.016360362903282244e+00 -6.016360362903283132e+00 -6.016360362903279579e+00 -6.016360362903275139e+00 -6.016360362903276915e+00 -6.016360362903271586e+00 -6.016360362903269809e+00 -6.016360362903269809e+00 -6.016360362903268033e+00 -6.016360362903266257e+00 -6.016360362903260928e+00 -6.016360362903260040e+00 -6.016360362903257375e+00 -6.016360362903258263e+00 -6.016360362903254710e+00 -6.016360362903251158e+00 -6.016360362903250270e+00 -6.016360362903248493e+00 -6.016360362903247605e+00 -6.016360362903241388e+00 -6.016360362903244052e+00 -6.016360362903236947e+00 -6.016360362903236947e+00 -6.016360362903237835e+00 -6.016360362903233394e+00 -6.016360362903231618e+00 -6.016360362903229841e+00 -6.016360362903229841e+00 -6.016360362903226289e+00 -6.016360362903222736e+00 -6.016360362903223624e+00 -6.016360362903217407e+00 -6.016360362903218295e+00 -6.016360362903219183e+00 -6.016360362903213854e+00 -6.016360362903211190e+00 -6.016360362903209413e+00 -6.016360362903206749e+00 -6.016360362903204972e+00 -6.016360362903202308e+00 -6.016360362903198755e+00 -6.016360362903200532e+00 -6.016360362903196979e+00 -6.016360362903194314e+00 -6.016360362903192538e+00 -6.016360362903188985e+00 -6.016360362903188097e+00 -6.016360362903184544e+00 -6.016360362903182768e+00 -6.016360362903180992e+00 -6.016360362903177439e+00 -6.016360362903180103e+00 -6.016360362903175663e+00 -6.016360362903175663e+00 -6.016360362903171222e+00 -6.016360362903169445e+00 -6.016360362903167669e+00 -6.016360362903167669e+00 -6.016360362903164116e+00 -6.016360362903163228e+00 -6.016360362903158787e+00 -6.016360362903157011e+00 -6.016360362903152570e+00 -6.016360362903154346e+00 -6.016360362903149017e+00 -6.016360362903146353e+00 -6.016360362903145464e+00 -6.016360362903144576e+00 -6.016360362903139247e+00 -6.016360362903138359e+00 -6.016360362903139247e+00 -6.016360362903134806e+00 -6.016360362903135695e+00 -6.016360362903131254e+00 -6.016360362903130365e+00 -6.016360362903131254e+00 -6.016360362903127701e+00 -6.016360362903123260e+00 -6.016360362903121484e+00 -6.016360362903117931e+00 -6.016360362903115266e+00 -6.016360362903114378e+00 -6.016360362903111714e+00 -6.016360362903110826e+00 -6.016360362903108161e+00 -6.016360362903106385e+00 -6.016360362903105496e+00 -6.016360362903103720e+00 -6.016360362903102832e+00 -6.016360362903101944e+00 -6.016360362903094838e+00 -6.016360362903093950e+00 -6.016360362903094838e+00 -6.016360362903091286e+00 -6.016360362903087733e+00 -6.016360362903086845e+00 -6.016360362903085068e+00 -6.016360362903083292e+00 -6.016360362903077963e+00 -6.016360362903079739e+00 -6.016360362903075298e+00 -6.016360362903075298e+00 -6.016360362903070857e+00 -6.016360362903070857e+00 -6.016360362903065528e+00 -6.016360362903066417e+00 -6.016360362903063752e+00 -6.016360362903061088e+00 -6.016360362903061088e+00 -6.016360362903056647e+00 -6.016360362903053982e+00 -6.016360362903053982e+00 -6.016360362903053982e+00 -6.016360362903047765e+00 -6.016360362903045100e+00 -6.016360362903045989e+00 -6.016360362903041548e+00 -6.016360362903039771e+00 -6.016360362903039771e+00 -6.016360362903036219e+00 -6.016360362903034442e+00 -6.016360362903030889e+00 -6.016360362903030889e+00 -6.016360362903027337e+00 -6.016360362903024672e+00 -6.016360362903026449e+00 -6.016360362903023784e+00 -6.016360362903019343e+00 -6.016360362903020231e+00 -6.016360362903015790e+00 -6.016360362903011350e+00 -6.016360362903011350e+00 -6.016360362903010461e+00 -6.016360362903006020e+00 -6.016360362903006020e+00 -6.016360362903002468e+00 -6.016360362903002468e+00 -6.016360362902999803e+00 -6.016360362902995362e+00 -6.016360362902994474e+00 -6.016360362902990921e+00 -6.016360362902990921e+00 -6.016360362902988257e+00 -6.016360362902987369e+00 -6.016360362902983816e+00 -6.016360362902981151e+00 -6.016360362902978487e+00 -6.016360362902980263e+00 -6.016360362902974046e+00 -6.016360362902974046e+00 -6.016360362902970493e+00 -6.016360362902969605e+00 -6.016360362902966941e+00 -6.016360362902966052e+00 -6.016360362902964276e+00 -6.016360362902961612e+00 -6.016360362902958059e+00 -6.016360362902954506e+00 -6.016360362902954506e+00 -6.016360362902952730e+00 -6.016360362902950065e+00 -6.016360362902947401e+00 -6.016360362902945624e+00 -6.016360362902943848e+00 -6.016360362902942072e+00 -6.016360362902940295e+00 -6.016360362902935854e+00 -6.016360362902934966e+00 -6.016360362902935854e+00 -6.016360362902934078e+00 -6.016360362902929637e+00 -6.016360362902927861e+00 -6.016360362902925196e+00 -6.016360362902923420e+00 -6.016360362902923420e+00 -6.016360362902921644e+00 -6.016360362902916314e+00 -6.016360362902916314e+00 -6.016360362902912762e+00 -6.016360362902910985e+00 -6.016360362902906544e+00 -6.016360362902904768e+00 -6.016360362902904768e+00 -6.016360362902902104e+00 -6.016360362902902104e+00 -6.016360362902899439e+00 -6.016360362902895886e+00 -6.016360362902894110e+00 -6.016360362902894110e+00 -6.016360362902888781e+00 -6.016360362902888781e+00 -6.016360362902887005e+00 -6.016360362902886116e+00 -6.016360362902881675e+00 -6.016360362902878123e+00 -6.016360362902878123e+00 -6.016360362902874570e+00 -6.016360362902874570e+00 -6.016360362902871906e+00 -6.016360362902869241e+00 -6.016360362902866576e+00 -6.016360362902863912e+00 -6.016360362902860359e+00 -6.016360362902860359e+00 -6.016360362902857695e+00 -6.016360362902854142e+00 -6.016360362902852366e+00 -6.016360362902855030e+00 -6.016360362902850589e+00 -6.016360362902849701e+00 -6.016360362902843484e+00 -6.016360362902844372e+00 -6.016360362902843484e+00 -6.016360362902840819e+00 -6.016360362902836378e+00 -6.016360362902835490e+00 -6.016360362902833714e+00 -6.016360362902831938e+00 -6.016360362902829273e+00 -6.016360362902828385e+00 -6.016360362902825720e+00 -6.016360362902823944e+00 -6.016360362902823056e+00 -6.016360362902816838e+00 -6.016360362902817727e+00 -6.016360362902817727e+00 -6.016360362902813286e+00 -6.016360362902813286e+00 -6.016360362902807069e+00 -6.016360362902807069e+00 -6.016360362902805292e+00 -6.016360362902803516e+00 -6.016360362902799963e+00 -6.016360362902796410e+00 -6.016360362902797299e+00 -6.016360362902792858e+00 -6.016360362902791081e+00 -6.016360362902788417e+00 -6.016360362902784864e+00 -6.016360362902786640e+00 -6.016360362902783088e+00 -6.016360362902777759e+00 -6.016360362902776870e+00 -6.016360362902775094e+00 -6.016360362902774206e+00 -6.016360362902775094e+00 -6.016360362902770653e+00 -6.016360362902768877e+00 -6.016360362902767989e+00 -6.016360362902764436e+00 -6.016360362902762660e+00 -6.016360362902761771e+00 -6.016360362902761771e+00 -6.016360362902756442e+00 -6.016360362902754666e+00 -6.016360362902752001e+00 -6.016360362902749337e+00 -6.016360362902745784e+00 -6.016360362902745784e+00 -6.016360362902739567e+00 -6.016360362902740455e+00 -6.016360362902737791e+00 -6.016360362902735126e+00 -6.016360362902734238e+00 -6.016360362902733350e+00 -6.016360362902732462e+00 -6.016360362902728909e+00 -6.016360362902727132e+00 -6.016360362902724468e+00 -6.016360362902722692e+00 -6.016360362902720915e+00 -6.016360362902718251e+00 -6.016360362902714698e+00 -6.016360362902713810e+00 -6.016360362902712922e+00 -6.016360362902711145e+00 -6.016360362902708481e+00 -6.016360362902705816e+00 -6.016360362902704040e+00 -6.016360362902702263e+00 -6.016360362902697823e+00 -6.016360362902696934e+00 -6.016360362902695158e+00 -6.016360362902693382e+00 -6.016360362902690717e+00 -6.016360362902689829e+00 -6.016360362902688941e+00 -6.016360362902681835e+00 -6.016360362902682724e+00 -6.016360362902680059e+00 -6.016360362902678283e+00 -6.016360362902677394e+00 -6.016360362902673842e+00 -6.016360362902673842e+00 -6.016360362902671177e+00 -6.016360362902669401e+00 -6.016360362902665848e+00 -6.016360362902664072e+00 -6.016360362902664072e+00 -6.016360362902662295e+00 -6.016360362902658743e+00 -6.016360362902656966e+00 -6.016360362902654302e+00 -6.016360362902651637e+00 -6.016360362902648973e+00 -6.016360362902647196e+00 -6.016360362902643644e+00 -6.016360362902644532e+00 -6.016360362902640091e+00 -6.016360362902639203e+00 -6.016360362902634762e+00 -6.016360362902635650e+00 -6.016360362902634762e+00 -6.016360362902631209e+00 -6.016360362902629433e+00 -6.016360362902628545e+00 -6.016360362902624104e+00 -6.016360362902620551e+00 -6.016360362902621439e+00 -6.016360362902617887e+00 -6.016360362902616998e+00 -6.016360362902614334e+00 -6.016360362902613446e+00 -6.016360362902612557e+00 -6.016360362902609005e+00 -6.016360362902604564e+00 -6.016360362902602787e+00 -6.016360362902602787e+00 -6.016360362902600123e+00 -6.016360362902598347e+00 -6.016360362902595682e+00 -6.016360362902593018e+00 -6.016360362902592129e+00 -6.016360362902589465e+00 -6.016360362902585912e+00 -6.016360362902584136e+00 -6.016360362902585024e+00 -6.016360362902578807e+00 -6.016360362902577030e+00 -6.016360362902576142e+00 -6.016360362902575254e+00 -6.016360362902571701e+00 -6.016360362902570813e+00 -6.016360362902570813e+00 -6.016360362902566372e+00 -6.016360362902562819e+00 -6.016360362902562819e+00 -6.016360362902561931e+00 -6.016360362902560155e+00 -6.016360362902555714e+00 -6.016360362902554826e+00 -6.016360362902552161e+00 -6.016360362902550385e+00 -6.016360362902548609e+00 -6.016360362902545944e+00 -6.016360362902544168e+00 -6.016360362902541503e+00 -6.016360362902537062e+00 -6.016360362902537062e+00 -6.016360362902537062e+00 -6.016360362902529957e+00 -6.016360362902535286e+00
