# Wed Jul  7 02:13:45 2021
# Spin blind formalism, bias turned off, lead sites decoupled
# Inputs:
# - Num. leads = (4, 4)
# - Num. impurity sites = 1
# - nelecs = (9, 0)
# - V_leads = 1.0
# - V_imp_leads = 0.4
# - V_bias = -0.005
# - mu = 0
# - V_gate = 1.0
# - U = 1.0
0.000000000000000000e+00 1.000000000000000056e-01 2.000000000000000111e-01 3.000000000000000444e-01 4.000000000000000222e-01 5.000000000000000000e-01 6.000000000000000888e-01 7.000000000000000666e-01 8.000000000000000444e-01 9.000000000000000222e-01 1.000000000000000000e+00 1.100000000000000089e+00 1.200000000000000178e+00 1.300000000000000044e+00 1.400000000000000133e+00 1.500000000000000000e+00 1.600000000000000089e+00 1.700000000000000178e+00 1.800000000000000044e+00 1.900000000000000133e+00 2.000000000000000000e+00 2.100000000000000089e+00 2.200000000000000178e+00 2.300000000000000266e+00 2.400000000000000355e+00 2.500000000000000000e+00 2.600000000000000089e+00 2.700000000000000178e+00 2.800000000000000266e+00 2.900000000000000355e+00 3.000000000000000000e+00 3.100000000000000089e+00 3.200000000000000178e+00 3.300000000000000266e+00 3.400000000000000355e+00 3.500000000000000000e+00 3.600000000000000089e+00 3.700000000000000178e+00 3.800000000000000266e+00 3.900000000000000355e+00 4.000000000000000000e+00 4.100000000000000533e+00 4.200000000000000178e+00 4.299999999999999822e+00 4.400000000000000355e+00 4.500000000000000000e+00 4.600000000000000533e+00 4.700000000000000178e+00 4.800000000000000711e+00 4.900000000000000355e+00 5.000000000000000000e+00 5.100000000000000533e+00 5.200000000000000178e+00 5.300000000000000711e+00 5.400000000000000355e+00 5.500000000000000000e+00 5.600000000000000533e+00 5.700000000000000178e+00 5.800000000000000711e+00 5.900000000000000355e+00 6.000000000000000000e+00 6.100000000000000533e+00 6.200000000000000178e+00 6.300000000000000711e+00 6.400000000000000355e+00 6.500000000000000000e+00 6.600000000000000533e+00 6.700000000000000178e+00 6.800000000000000711e+00 6.900000000000000355e+00 7.000000000000000000e+00 7.100000000000000533e+00 7.200000000000000178e+00 7.300000000000000711e+00 7.400000000000000355e+00 7.500000000000000000e+00 7.600000000000000533e+00 7.700000000000000178e+00 7.800000000000000711e+00 7.900000000000000355e+00 8.000000000000000000e+00 8.099999999999999645e+00 8.200000000000001066e+00 8.300000000000000711e+00 8.400000000000000355e+00 8.500000000000000000e+00 8.599999999999999645e+00 8.700000000000001066e+00 8.800000000000000711e+00 8.900000000000000355e+00 9.000000000000000000e+00 9.099999999999999645e+00 9.200000000000001066e+00 9.300000000000000711e+00 9.400000000000000355e+00 9.500000000000000000e+00 9.600000000000001421e+00 9.700000000000001066e+00 9.800000000000000711e+00 9.900000000000000355e+00 1.000000000000000000e+01
0.000000000000000000e+00 4.386484992664348853e-02 8.683276284249159815e-02 1.279741670897541483e-01 1.664652623558840472e-01 2.016332441713464818e-01 2.329893523254761012e-01 2.602477341486122975e-01 2.833296135691991680e-01 3.023536596201660265e-01 3.176145809627508587e-01 3.295527332221735994e-01 3.387178879030521839e-01 3.457303159614358301e-01 3.512420689343141444e-01 3.559008939156697582e-01 3.603186848017171928e-01 3.650458170985204087e-01 3.705521766252564131e-01 3.772151919862103964e-01 3.853147238507760308e-01 3.950342563953139208e-01 4.064674875171360724e-01 4.196291396194182788e-01 4.344686289463386974e-01 4.508851527594299191e-01 4.687427868070636050e-01 4.878843274175495570e-01 5.081428501921941843e-01 5.293502697670127155e-01 5.513425460988139459e-01 5.739615626887980548e-01 5.970540699626566417e-01 6.204684110917976225e-01 6.440499971254662892e-01 6.676366456260117710e-01 6.910549203829807752e-01 7.141184975474171859e-01 7.366293378686864513e-01 7.583820845322898352e-01 7.791716677829800819e-01 7.988036329357395271e-01 8.171062796597156064e-01 8.339433717788623524e-01 8.492260042006295473e-01 8.629222336114853453e-01 8.750633001426327828e-01 8.857456619277457310e-01 8.951285734826014417e-01 9.034274771003276694e-01 9.109039491557351376e-01 9.178532656269595691e-01 9.245907685917230667e-01 9.314381179436890257e-01 9.387102394066025868e-01 9.467034117972257246e-01 9.556845759864892598e-01 9.658816930274264356e-01 9.774748961301797934e-01 9.905882872160790553e-01 1.005282485085645217e+00 1.021548355360991422e+00 1.039302637375294269e+00 1.058386333202177454e+00 1.078566677313485211e+00 1.099543252013577721e+00 1.120958397319630651e+00 1.142411567840712072e+00 1.163476813224070705e+00 1.183722192477812740e+00 1.202729734139747597e+00 1.220114540354383603e+00 1.235541780698364400e+00 1.248740581795991567e+00 1.259514133287459758e+00 1.267745648977051554e+00 1.273400111104651344e+00 1.276521972349081269e+00 1.277229195477835200e+00 1.275704181185473240e+00 1.272182274666298740e+00 1.266938647908307347e+00 1.260274418286641884e+00 1.252502873722899590e+00 1.243936623557357901e+00 1.234876383981327264e+00 1.225601948474500436e+00 1.216365704921473112e+00 1.207388861188227080e+00 1.198860345478925282e+00 1.190938165578756758e+00 1.183752844484794897e+00 1.177412398261467930e+00 1.172008186518518125e+00 1.167620854364809446e+00 1.164325512946961405e+00 1.162195296117812360e+00 1.161302507039313037e+00 1.161716748216817141e+00 1.163499715809334756e+00 1.166696719649755076e+00
