# Wed Jul  7 02:13:45 2021
# Spin blind formalism, bias turned off, lead sites decoupled
# Inputs:
# - Num. leads = (4, 4)
# - Num. impurity sites = 1
# - nelecs = (9, 0)
# - V_leads = 1.0
# - V_imp_leads = 0.4
# - V_bias = -0.005
# - mu = 0
# - V_gate = 1.0
# - U = 1.0
0.000000000000000000e+00 1.000000000000000056e-01 2.000000000000000111e-01 3.000000000000000444e-01 4.000000000000000222e-01 5.000000000000000000e-01 6.000000000000000888e-01 7.000000000000000666e-01 8.000000000000000444e-01 9.000000000000000222e-01 1.000000000000000000e+00 1.100000000000000089e+00 1.200000000000000178e+00 1.300000000000000044e+00 1.400000000000000133e+00 1.500000000000000000e+00 1.600000000000000089e+00 1.700000000000000178e+00 1.800000000000000044e+00 1.900000000000000133e+00 2.000000000000000000e+00 2.100000000000000089e+00 2.200000000000000178e+00 2.300000000000000266e+00 2.400000000000000355e+00 2.500000000000000000e+00 2.600000000000000089e+00 2.700000000000000178e+00 2.800000000000000266e+00 2.900000000000000355e+00 3.000000000000000000e+00 3.100000000000000089e+00 3.200000000000000178e+00 3.300000000000000266e+00 3.400000000000000355e+00 3.500000000000000000e+00 3.600000000000000089e+00 3.700000000000000178e+00 3.800000000000000266e+00 3.900000000000000355e+00 4.000000000000000000e+00 4.100000000000000533e+00 4.200000000000000178e+00 4.299999999999999822e+00 4.400000000000000355e+00 4.500000000000000000e+00 4.600000000000000533e+00 4.700000000000000178e+00 4.800000000000000711e+00 4.900000000000000355e+00 5.000000000000000000e+00 5.100000000000000533e+00 5.200000000000000178e+00 5.300000000000000711e+00 5.400000000000000355e+00 5.500000000000000000e+00 5.600000000000000533e+00 5.700000000000000178e+00 5.800000000000000711e+00 5.900000000000000355e+00 6.000000000000000000e+00 6.100000000000000533e+00 6.200000000000000178e+00 6.300000000000000711e+00 6.400000000000000355e+00 6.500000000000000000e+00 6.600000000000000533e+00 6.700000000000000178e+00 6.800000000000000711e+00 6.900000000000000355e+00 7.000000000000000000e+00 7.100000000000000533e+00 7.200000000000000178e+00 7.300000000000000711e+00 7.400000000000000355e+00 7.500000000000000000e+00 7.600000000000000533e+00 7.700000000000000178e+00 7.800000000000000711e+00 7.900000000000000355e+00 8.000000000000000000e+00 8.099999999999999645e+00 8.200000000000001066e+00 8.300000000000000711e+00 8.400000000000000355e+00 8.500000000000000000e+00 8.599999999999999645e+00 8.700000000000001066e+00 8.800000000000000711e+00 8.900000000000000355e+00 9.000000000000000000e+00 9.099999999999999645e+00 9.200000000000001066e+00 9.300000000000000711e+00 9.400000000000000355e+00 9.500000000000000000e+00 9.600000000000001421e+00 9.700000000000001066e+00 9.800000000000000711e+00 9.900000000000000355e+00 1.000000000000000000e+01
-8.672998746884948318e+00 -8.672998731779038906e+00 -8.672998716663274266e+00 -8.672998701537611765e+00 -8.672998686402044299e+00 -8.672998671256584302e+00 -8.672998656101174930e+00 -8.672998640935842829e+00 -8.672998625760536484e+00 -8.672998610575294975e+00 -8.672998595380086329e+00 -8.672998580174860805e+00 -8.672998564959641499e+00 -8.672998549734405316e+00 -8.672998534499171797e+00 -8.672998519253876992e+00 -8.672998503998549324e+00 -8.672998488733139055e+00 -8.672998473457678159e+00 -8.672998458172108016e+00 -8.672998442876453495e+00 -8.672998427570675517e+00 -8.672998412254779410e+00 -8.672998396928745635e+00 -8.672998381592543993e+00 -8.672998366246210011e+00 -8.672998350889667307e+00 -8.672998335522954960e+00 -8.672998320146033890e+00 -8.672998304758904098e+00 -8.672998289361535385e+00 -8.672998273953927750e+00 -8.672998258536075866e+00 -8.672998243107963745e+00 -8.672998227669532767e+00 -8.672998212220832670e+00 -8.672998196761824374e+00 -8.672998181292490116e+00 -8.672998165812833449e+00 -8.672998150322827726e+00 -8.672998134822480054e+00 -8.672998119311719378e+00 -8.672998103790598989e+00 -8.672998088259069149e+00 -8.672998072717124529e+00 -8.672998057164765129e+00 -8.672998041601953645e+00 -8.672998026028697183e+00 -8.672998010444969097e+00 -8.672997994850780046e+00 -8.672997979246058975e+00 -8.672997963630876939e+00 -8.672997948005130908e+00 -8.672997932368861740e+00 -8.672997916722055223e+00 -8.672997901064684712e+00 -8.672997885396723561e+00 -8.672997869718187758e+00 -8.672997854029032894e+00 -8.672997838329271403e+00 -8.672997822618878416e+00 -8.672997806897820183e+00 -8.672997791166123349e+00 -8.672997775423752387e+00 -8.672997759670685980e+00 -8.672997743906920576e+00 -8.672997728132406436e+00 -8.672997712347216392e+00 -8.672997696551261626e+00 -8.672997680744536808e+00 -8.672997664927031281e+00 -8.672997649098748596e+00 -8.672997633259678096e+00 -8.672997617409775373e+00 -8.672997601549035096e+00 -8.672997585677466148e+00 -8.672997569795040107e+00 -8.672997553901723222e+00 -8.672997537997517270e+00 -8.672997522082418698e+00 -8.672997506156404413e+00 -8.672997490219445993e+00 -8.672997474271562979e+00 -8.672997458312687868e+00 -8.672997442342849084e+00 -8.672997426362027085e+00 -8.672997410370175686e+00 -8.672997394367321533e+00 -8.672997378353413112e+00 -8.672997362328484172e+00 -8.672997346292453003e+00 -8.672997330245371117e+00 -8.672997314187174567e+00 -8.672997298117877563e+00 -8.672997282037444577e+00 -8.672997265945854295e+00 -8.672997249843144019e+00 -8.672997233729228483e+00 -8.672997217604141440e+00 -8.672997201467866901e+00 -8.672997185320330260e+00
