# Wed Jul  7 00:49:43 2021
# Spin blind formalism, bias turned off, lead sites decoupled
# Inputs:
# - Num. leads = (4, 4)
# - Num. impurity sites = 1
# - nelecs = (9, 0)
# - V_leads = 1.0
# - V_imp_leads = 0.4
# - V_bias = -0.005
# - mu = 0
# - V_gate = 0.5
# - U = 1.0
0.000000000000000000e+00 1.000000000000000056e-01 2.000000000000000111e-01 3.000000000000000444e-01 4.000000000000000222e-01 5.000000000000000000e-01 6.000000000000000888e-01 7.000000000000000666e-01 8.000000000000000444e-01 9.000000000000000222e-01 1.000000000000000000e+00 1.100000000000000089e+00 1.200000000000000178e+00 1.300000000000000044e+00 1.400000000000000133e+00 1.500000000000000000e+00 1.600000000000000089e+00 1.700000000000000178e+00 1.800000000000000044e+00 1.900000000000000133e+00 2.000000000000000000e+00 2.100000000000000089e+00 2.200000000000000178e+00 2.300000000000000266e+00 2.400000000000000355e+00 2.500000000000000000e+00 2.600000000000000089e+00 2.700000000000000178e+00 2.800000000000000266e+00 2.900000000000000355e+00 3.000000000000000000e+00 3.100000000000000089e+00 3.200000000000000178e+00 3.300000000000000266e+00 3.400000000000000355e+00 3.500000000000000000e+00 3.600000000000000089e+00 3.700000000000000178e+00 3.800000000000000266e+00 3.900000000000000355e+00 4.000000000000000000e+00 4.100000000000000533e+00 4.200000000000000178e+00 4.299999999999999822e+00 4.400000000000000355e+00 4.500000000000000000e+00 4.600000000000000533e+00 4.700000000000000178e+00 4.800000000000000711e+00 4.900000000000000355e+00 5.000000000000000000e+00 5.100000000000000533e+00 5.200000000000000178e+00 5.300000000000000711e+00 5.400000000000000355e+00 5.500000000000000000e+00 5.600000000000000533e+00 5.700000000000000178e+00 5.800000000000000711e+00 5.900000000000000355e+00 6.000000000000000000e+00 6.100000000000000533e+00 6.200000000000000178e+00 6.300000000000000711e+00 6.400000000000000355e+00 6.500000000000000000e+00 6.600000000000000533e+00 6.700000000000000178e+00 6.800000000000000711e+00 6.900000000000000355e+00 7.000000000000000000e+00 7.100000000000000533e+00 7.200000000000000178e+00 7.300000000000000711e+00 7.400000000000000355e+00 7.500000000000000000e+00 7.600000000000000533e+00 7.700000000000000178e+00 7.800000000000000711e+00 7.900000000000000355e+00 8.000000000000000000e+00 8.099999999999999645e+00 8.200000000000001066e+00 8.300000000000000711e+00 8.400000000000000355e+00 8.500000000000000000e+00 8.599999999999999645e+00 8.700000000000001066e+00 8.800000000000000711e+00 8.900000000000000355e+00 9.000000000000000000e+00 9.099999999999999645e+00 9.200000000000001066e+00 9.300000000000000711e+00 9.400000000000000355e+00 9.500000000000000000e+00 9.600000000000001421e+00 9.700000000000001066e+00 9.800000000000000711e+00 9.900000000000000355e+00 1.000000000000000000e+01
0.000000000000000000e+00 4.879413832357125391e-02 9.688461756890390242e-02 1.434958670394368418e-01 1.879244379765229733e-01 2.295712795279250817e-01 2.679663535528615248e-01 3.027841014426589372e-01 3.338491538744025044e-01 3.611325566410574783e-01 3.847395722951029717e-01 4.048907293331204804e-01 4.218981791871579401e-01 4.361395707855665327e-01 4.480315781003152420e-01 4.580049571114305218e-01 4.664826190173147480e-01 4.738617456009104334e-01 4.805004967441085517e-01 4.867094165639783698e-01 4.927472686760448473e-01 4.988207445798131801e-01 5.050873014757374380e-01 5.116602954902209621e-01 5.186155731564103810e-01 5.259987515346522535e-01 5.338325349509068785e-01 5.421235616675814661e-01 5.508684252483688759e-01 5.600586543136999440e-01 5.696845472140396049e-01 5.797378377240633984e-01 5.902132139893194740e-01 6.011087318534731327e-01 6.124251663932190892e-01 6.241643454509462341e-01 6.363265192716605068e-01 6.489068510176295712e-01 6.618911686773122360e-01 6.752511978892906663e-01 6.889395889617485613e-01 7.028851456997856628e-01 7.169887407432055104e-01 7.311204433431297556e-01 7.451183746539218333e-01 7.587897320397002376e-01 7.719142851116242987e-01 7.842504494631826750e-01 7.955438064341618931e-01 8.055376840896063539e-01 8.139851764874378448e-01 8.206617865500890341e-01 8.253777596123982319e-01 8.279891483596211188e-01 8.284067215895227765e-01 8.266019916718150284e-01 8.226098688534254633e-01 8.165277255964350500e-01 8.085109376863647279e-01 7.987652291467287613e-01 7.875363598650400032e-01 7.750978431464691232e-01 7.617374612023116720e-01 7.477433657246321808e-01 7.333905206197339766e-01 7.189281793813642185e-01 7.045690034107414679e-01 6.904803281961900963e-01 6.767779745746840270e-01 6.635228809425512964e-01 6.507206962518425897e-01 6.383243215021292549e-01 6.262392221445292062e-01 6.143311640351373226e-01 6.024358653159360699e-01 5.903699230421027844e-01 5.779422835566958572e-01 5.649654928660504671e-01 5.512659943038861199e-01 5.366928341516468137e-01 5.211242821670821757e-01 5.044720573918393125e-01 4.866830507434089514e-01 4.677386346719039079e-01 4.476518284849699825e-01 4.264627315396369300e-01 4.042327357986034708e-01 3.810380794626260226e-01 3.569633040936114332e-01 3.320951321875333928e-01 3.065171971604204182e-01 2.803059426569700086e-01 2.535278749081708027e-01 2.262382142770362481e-01 1.984808645881719347e-01 1.702895149635739180e-01 1.416896196170182587e-01 1.127009727622890062e-01 8.334060884026225913e-02 5.362580645635220411e-02 2.357704548903092126e-02
