# Fri Jul  9 15:53:21 2021
# Spin blind formalism, bias turned off, lead sites decoupled
# Inputs:
# - Num. leads = (4, 4)
# - Num. impurity sites = 1
# - nelecs = (9, 0)
# - V_leads = 1.0
# - V_imp_leads = 0.4
# - V_bias = -0.005
# - mu = 0
# - V_gate = -1.0
# - U = 1.0
0.000000000000000000e+00 1.669999999999999957e-02 3.339999999999999913e-02 5.009999999999999870e-02 6.679999999999999827e-02 8.349999999999999090e-02 1.001999999999999974e-01 1.169000000000000039e-01 1.335999999999999965e-01 1.502999999999999892e-01 1.669999999999999818e-01 1.837000000000000022e-01 2.003999999999999948e-01 2.170999999999999874e-01 2.338000000000000078e-01 2.505000000000000004e-01 2.671999999999999931e-01 2.838999999999999857e-01 3.005999999999999783e-01 3.172999999999999710e-01 3.339999999999999636e-01 3.507000000000000117e-01 3.674000000000000044e-01 3.840999999999999970e-01 4.007999999999999896e-01 4.174999999999999822e-01 4.341999999999999749e-01 4.508999999999999675e-01 4.676000000000000156e-01 4.843000000000000083e-01 5.010000000000000009e-01 5.176999999999999380e-01 5.343999999999999861e-01 5.511000000000000343e-01 5.677999999999999714e-01 5.845000000000000195e-01 6.011999999999999567e-01 6.179000000000000048e-01 6.345999999999999419e-01 6.512999999999999901e-01 6.679999999999999272e-01 6.846999999999999753e-01 7.014000000000000234e-01 7.180999999999999606e-01 7.348000000000000087e-01 7.514999999999999458e-01 7.681999999999999940e-01 7.848999999999999311e-01 8.015999999999999792e-01 8.183000000000000274e-01 8.349999999999999645e-01 8.517000000000000126e-01 8.683999999999999497e-01 8.850999999999999979e-01 9.017999999999999350e-01 9.184999999999999831e-01 9.352000000000000313e-01 9.518999999999999684e-01 9.686000000000000165e-01 9.852999999999999536e-01
0.000000000000000000e+00 7.425224310595920744e-03 1.484690777203721314e-02 2.226151258700134056e-02 2.966550906672016027e-02 3.705537966779835074e-02 4.442762300732674280e-02 5.177875784913480578e-02 5.910532705409674709e-02 6.640390148748903654e-02 7.367108387650135592e-02 8.090351261112091463e-02 8.809786548174232401e-02 9.525086334700892665e-02 1.023592737255516194e-01 1.094199143054748330e-01 1.164296563656301992e-01 1.233854281029238276e-01 1.302842178601286427e-01 1.371230772488968019e-01 1.438991241629166140e-01 1.506095456764124929e-01 1.572516008234435270e-01 1.638226232537408067e-01 1.703200237610942858e-01 1.767412926805989604e-01 1.830840021513583382e-01 1.893458082415545585e-01 1.955244529330921466e-01 2.016177659633442421e-01 2.076236665218365862e-01 2.135401648000309627e-01 2.193653633926832824e-01 2.250974585495734426e-01 2.307347412767291606e-01 2.362755982865755999e-01 2.417185127967777514e-01 2.470620651778344112e-01 2.523049334498220220e-01 2.574458936289685806e-01 2.624838199250624782e-01 2.674176847909858767e-01 2.722465588259586067e-01 2.769696105343610326e-01 2.815861059422886670e-01 2.860954080742410532e-01 2.904969762926313259e-01 2.947903655030366110e-01 2.989752252283530698e-01 3.030512985552523131e-01 3.070184209565493538e-01 3.108765189933097028e-01 3.146256089007032908e-01 3.182657950618150711e-01 3.217972683737770900e-01 3.252203045107536217e-01 3.285352620884654518e-01 3.317425807350440903e-01 3.348427790731684506e-01 3.378364526184997607e-01
