# Wed Jul  7 18:00:51 2021
# Spin blind formalism, bias turned off, lead sites decoupled
# Inputs:
# - Num. leads = (4, 4)
# - Num. impurity sites = 1
# - nelecs = (9, 0)
# - V_leads = 1.0
# - V_imp_leads = 0.4
# - V_bias = -0.005
# - mu = 0
# - V_gate = -1.0
# - U = 1.0
0.000000000000000000e+00 1.000000000000000021e-02 2.000000000000000042e-02 2.999999999999999889e-02 4.000000000000000083e-02 5.000000000000000278e-02 5.999999999999999778e-02 7.000000000000000666e-02 8.000000000000000167e-02 8.999999999999999667e-02 1.000000000000000056e-01 1.100000000000000006e-01 1.199999999999999956e-01 1.300000000000000044e-01 1.400000000000000133e-01 1.499999999999999944e-01 1.600000000000000033e-01 1.700000000000000122e-01 1.799999999999999933e-01 1.900000000000000022e-01 2.000000000000000111e-01 2.099999999999999922e-01 2.200000000000000011e-01 2.300000000000000100e-01 2.399999999999999911e-01 2.500000000000000000e-01 2.600000000000000089e-01 2.700000000000000178e-01 2.800000000000000266e-01 2.899999999999999800e-01 2.999999999999999889e-01 3.099999999999999978e-01 3.200000000000000067e-01 3.300000000000000155e-01 3.400000000000000244e-01 3.500000000000000333e-01 3.599999999999999867e-01 3.699999999999999956e-01 3.800000000000000044e-01 3.900000000000000133e-01 4.000000000000000222e-01 4.100000000000000311e-01 4.199999999999999845e-01 4.299999999999999933e-01 4.400000000000000022e-01 4.500000000000000111e-01 4.600000000000000200e-01 4.700000000000000289e-01 4.799999999999999822e-01 4.899999999999999911e-01 5.000000000000000000e-01 5.100000000000000089e-01 5.200000000000000178e-01 5.300000000000000266e-01 5.400000000000000355e-01 5.500000000000000444e-01 5.600000000000000533e-01 5.700000000000000622e-01 5.799999999999999600e-01 5.899999999999999689e-01 5.999999999999999778e-01 6.099999999999999867e-01 6.199999999999999956e-01 6.300000000000000044e-01 6.400000000000000133e-01 6.500000000000000222e-01 6.600000000000000311e-01 6.700000000000000400e-01 6.800000000000000488e-01 6.900000000000000577e-01 7.000000000000000666e-01 7.099999999999999645e-01 7.199999999999999734e-01 7.299999999999999822e-01 7.399999999999999911e-01 7.500000000000000000e-01 7.600000000000000089e-01 7.700000000000000178e-01 7.800000000000000266e-01 7.900000000000000355e-01 8.000000000000000444e-01 8.100000000000000533e-01 8.200000000000000622e-01 8.300000000000000711e-01 8.399999999999999689e-01 8.499999999999999778e-01 8.599999999999999867e-01 8.699999999999999956e-01 8.800000000000000044e-01 8.900000000000000133e-01 9.000000000000000222e-01 9.100000000000000311e-01 9.200000000000000400e-01 9.300000000000000488e-01 9.400000000000000577e-01 9.500000000000000666e-01 9.599999999999999645e-01 9.699999999999999734e-01 9.799999999999999822e-01 9.899999999999999911e-01 1.000000000000000000e+00
0.000000000000000000e+00 4.446561567073279743e-03 8.892362513432420720e-03 1.333664250309819777e-02 1.777864182508010621e-02 2.221760170537616721e-02 2.665276461837184571e-02 3.108337459743872738e-02 3.550867754453367747e-02 3.992792153860117571e-02 4.434035714258106886e-02 4.874523770882709106e-02 5.314181968274042656e-02 5.752936290442696443e-02 6.190713090818514980e-02 6.627439121963760171e-02 7.063041565031635827e-02 7.497448058951911021e-02 7.930586729325191098e-02 8.362386217007888867e-02 8.792775706370022093e-02 9.221684953208543478e-02 9.649044312298689363e-02 1.007478476456675487e-01 1.049883794386755470e-01 1.092113616335024656e-01 1.134161244139685054e-01 1.176020052711771180e-01 1.217683492538876866e-01 1.259145092141598365e-01 1.300398460481233254e-01 1.341437289317347903e-01 1.382255355513854755e-01 1.422846523292288501e-01 1.463204746430998571e-01 1.503324070409041424e-01 1.543198634493585519e-01 1.582822673769706812e-01 1.622190521111458728e-01 1.661296609093223797e-01 1.700135471840287793e-01 1.738701746817781779e-01 1.776990176557009249e-01 1.814995610318374253e-01 1.852713005690123926e-01 1.890137430122112716e-01 1.927264062393956034e-01 1.964088194016897770e-01 2.000605230568857640e-01 2.036810692962049141e-01 2.072700218642761771e-01 2.108269562722869528e-01 2.143514599042644353e-01 2.178431321164613355e-01 2.213015843298175300e-01 2.247264401154729641e-01 2.281173352733223414e-01 2.314739179035936734e-01 2.347958484714522676e-01 2.380827998646218857e-01 2.413344574440368373e-01 2.445505190875256196e-01 2.477306952265513340e-01 2.508747088760185928e-01 2.539822956571832768e-01 2.570532038136842390e-01 2.600871942207404475e-01 2.630840403875503997e-01 2.660435284529371613e-01 2.689654571742929878e-01 2.718496379098719329e-01 2.746958945944936725e-01 2.775040637087183848e-01 2.802739942415661267e-01 2.830055476468423259e-01 2.856985977931564280e-01 2.883530309077060871e-01 2.909687455139170487e-01 2.935456523630212144e-01 2.960836743596675369e-01 2.985827464816642185e-01 3.010428156939460864e-01 3.034638408568728352e-01 3.058457926289658846e-01 3.081886533641884918e-01 3.104924170038862452e-01 3.127570889635017393e-01 3.149826860141826113e-01 3.171692361593997367e-01 3.193167785067086983e-01 3.214253631347687712e-01 3.234950509557619203e-01 3.255259135733292730e-01 3.275180331361699504e-01 3.294715021874273786e-01 3.313864235100094091e-01 3.332629099679715878e-01 3.351010843441147302e-01 3.369010791739279198e-01 3.386630365760281425e-01 3.403871080792369441e-01
