# Fri Jul  9 15:53:21 2021
# Spin blind formalism, bias turned off, lead sites decoupled
# Inputs:
# - Num. leads = (4, 4)
# - Num. impurity sites = 1
# - nelecs = (9, 0)
# - V_leads = 1.0
# - V_imp_leads = 0.4
# - V_bias = -0.005
# - mu = 0
# - V_gate = -1.0
# - U = 1.0
0.000000000000000000e+00 1.669999999999999957e-02 3.339999999999999913e-02 5.009999999999999870e-02 6.679999999999999827e-02 8.349999999999999090e-02 1.001999999999999974e-01 1.169000000000000039e-01 1.335999999999999965e-01 1.502999999999999892e-01 1.669999999999999818e-01 1.837000000000000022e-01 2.003999999999999948e-01 2.170999999999999874e-01 2.338000000000000078e-01 2.505000000000000004e-01 2.671999999999999931e-01 2.838999999999999857e-01 3.005999999999999783e-01 3.172999999999999710e-01 3.339999999999999636e-01 3.507000000000000117e-01 3.674000000000000044e-01 3.840999999999999970e-01 4.007999999999999896e-01 4.174999999999999822e-01 4.341999999999999749e-01 4.508999999999999675e-01 4.676000000000000156e-01 4.843000000000000083e-01 5.010000000000000009e-01 5.176999999999999380e-01 5.343999999999999861e-01 5.511000000000000343e-01 5.677999999999999714e-01 5.845000000000000195e-01 6.011999999999999567e-01 6.179000000000000048e-01 6.345999999999999419e-01 6.512999999999999901e-01 6.679999999999999272e-01 6.846999999999999753e-01 7.014000000000000234e-01 7.180999999999999606e-01 7.348000000000000087e-01 7.514999999999999458e-01 7.681999999999999940e-01 7.848999999999999311e-01 8.015999999999999792e-01 8.183000000000000274e-01 8.349999999999999645e-01 8.517000000000000126e-01 8.683999999999999497e-01 8.850999999999999979e-01 9.017999999999999350e-01 9.184999999999999831e-01 9.352000000000000313e-01 9.518999999999999684e-01 9.686000000000000165e-01 9.852999999999999536e-01
-1.023871961112617335e+01 -1.023871961112589446e+01 -1.023871961112559958e+01 -1.023871961112529760e+01 -1.023871961112499207e+01 -1.023871961112469542e+01 -1.023871961112440054e+01 -1.023871961112410389e+01 -1.023871961112381257e+01 -1.023871961112351414e+01 -1.023871961112320861e+01 -1.023871961112290307e+01 -1.023871961112261708e+01 -1.023871961112233109e+01 -1.023871961112202555e+01 -1.023871961112173246e+01 -1.023871961112143580e+01 -1.023871961112114093e+01 -1.023871961112084072e+01 -1.023871961112054230e+01 -1.023871961112024387e+01 -1.023871961111993478e+01 -1.023871961111964701e+01 -1.023871961111935569e+01 -1.023871961111906259e+01 -1.023871961111875528e+01 -1.023871961111847106e+01 -1.023871961111816375e+01 -1.023871961111787243e+01 -1.023871961111756690e+01 -1.023871961111727558e+01 -1.023871961111697360e+01 -1.023871961111668050e+01 -1.023871961111636786e+01 -1.023871961111608719e+01 -1.023871961111579409e+01 -1.023871961111549389e+01 -1.023871961111519724e+01 -1.023871961111489348e+01 -1.023871961111458972e+01 -1.023871961111429485e+01 -1.023871961111400175e+01 -1.023871961111371576e+01 -1.023871961111341378e+01 -1.023871961111311357e+01 -1.023871961111282047e+01 -1.023871961111253093e+01 -1.023871961111223960e+01 -1.023871961111191986e+01 -1.023871961111162143e+01 -1.023871961111132833e+01 -1.023871961111102458e+01 -1.023871961111073503e+01 -1.023871961111044548e+01 -1.023871961111013995e+01 -1.023871961110986106e+01 -1.023871961110954842e+01 -1.023871961110925533e+01 -1.023871961110896045e+01 -1.023871961110866557e+01
