# Thu Jul 15 19:59:29 2021
# Spin blind formalism, bias turned off, lead sites decoupled
# Inputs:
# - Num. leads = (3, 1)
# - Num. impurity sites = 1
# - nelecs = (5, 0)
# - V_leads = 1.0
# - V_imp_leads = 1.0
# - V_bias = -0.005
# - mu = 0.0
# - V_gate = -0.5
# - U = 0.0
0.000000000000000000e+00 1.000000000000000021e-02 2.000000000000000042e-02 2.999999999999999889e-02 4.000000000000000083e-02 5.000000000000000278e-02 5.999999999999999778e-02 7.000000000000000666e-02 8.000000000000000167e-02 8.999999999999999667e-02 1.000000000000000056e-01 1.100000000000000006e-01 1.199999999999999956e-01 1.300000000000000044e-01 1.400000000000000133e-01 1.499999999999999944e-01 1.600000000000000033e-01 1.700000000000000122e-01 1.799999999999999933e-01 1.900000000000000022e-01 2.000000000000000111e-01 2.099999999999999922e-01 2.200000000000000011e-01 2.300000000000000100e-01 2.399999999999999911e-01 2.500000000000000000e-01 2.600000000000000089e-01 2.700000000000000178e-01 2.800000000000000266e-01 2.899999999999999800e-01 2.999999999999999889e-01 3.099999999999999978e-01 3.200000000000000067e-01 3.300000000000000155e-01 3.400000000000000244e-01 3.500000000000000333e-01 3.599999999999999867e-01 3.699999999999999956e-01 3.800000000000000044e-01 3.900000000000000133e-01 4.000000000000000222e-01 4.100000000000000311e-01 4.199999999999999845e-01 4.299999999999999933e-01 4.400000000000000022e-01 4.500000000000000111e-01 4.600000000000000200e-01 4.700000000000000289e-01 4.799999999999999822e-01 4.899999999999999911e-01 5.000000000000000000e-01 5.100000000000000089e-01 5.200000000000000178e-01 5.300000000000000266e-01 5.400000000000000355e-01 5.500000000000000444e-01 5.600000000000000533e-01 5.700000000000000622e-01 5.799999999999999600e-01 5.899999999999999689e-01 5.999999999999999778e-01 6.099999999999999867e-01 6.199999999999999956e-01 6.300000000000000044e-01 6.400000000000000133e-01 6.500000000000000222e-01 6.600000000000000311e-01 6.700000000000000400e-01 6.800000000000000488e-01 6.900000000000000577e-01 7.000000000000000666e-01 7.099999999999999645e-01 7.199999999999999734e-01 7.299999999999999822e-01 7.399999999999999911e-01 7.500000000000000000e-01 7.600000000000000089e-01 7.700000000000000178e-01 7.800000000000000266e-01 7.900000000000000355e-01 8.000000000000000444e-01 8.100000000000000533e-01 8.200000000000000622e-01 8.300000000000000711e-01 8.399999999999999689e-01 8.499999999999999778e-01 8.599999999999999867e-01 8.699999999999999956e-01 8.800000000000000044e-01 8.900000000000000133e-01 9.000000000000000222e-01 9.100000000000000311e-01 9.200000000000000400e-01 9.300000000000000488e-01 9.400000000000000577e-01 9.500000000000000666e-01 9.599999999999999645e-01 9.699999999999999734e-01 9.799999999999999822e-01 9.899999999999999911e-01 1.000000000000000000e+00 1.010000000000000009e+00 1.020000000000000018e+00 1.030000000000000027e+00 1.040000000000000036e+00 1.050000000000000044e+00 1.060000000000000053e+00 1.070000000000000062e+00 1.080000000000000071e+00 1.090000000000000080e+00 1.100000000000000089e+00 1.110000000000000098e+00 1.120000000000000107e+00 1.130000000000000115e+00 1.140000000000000124e+00 1.150000000000000133e+00 1.159999999999999920e+00 1.169999999999999929e+00 1.179999999999999938e+00 1.189999999999999947e+00 1.199999999999999956e+00 1.209999999999999964e+00 1.219999999999999973e+00 1.229999999999999982e+00 1.239999999999999991e+00 1.250000000000000000e+00 1.260000000000000009e+00 1.270000000000000018e+00 1.280000000000000027e+00 1.290000000000000036e+00 1.300000000000000044e+00 1.310000000000000053e+00 1.320000000000000062e+00 1.330000000000000071e+00 1.340000000000000080e+00 1.350000000000000089e+00 1.360000000000000098e+00 1.370000000000000107e+00 1.380000000000000115e+00 1.390000000000000124e+00 1.400000000000000133e+00 1.409999999999999920e+00 1.419999999999999929e+00 1.429999999999999938e+00 1.439999999999999947e+00 1.449999999999999956e+00 1.459999999999999964e+00 1.469999999999999973e+00 1.479999999999999982e+00 1.489999999999999991e+00 1.500000000000000000e+00 1.510000000000000009e+00 1.520000000000000018e+00 1.530000000000000027e+00 1.540000000000000036e+00 1.550000000000000044e+00 1.560000000000000053e+00 1.570000000000000062e+00 1.580000000000000071e+00 1.590000000000000080e+00 1.600000000000000089e+00 1.610000000000000098e+00 1.620000000000000107e+00 1.630000000000000115e+00 1.640000000000000124e+00 1.650000000000000133e+00 1.660000000000000142e+00 1.669999999999999929e+00 1.679999999999999938e+00 1.689999999999999947e+00 1.699999999999999956e+00 1.709999999999999964e+00 1.719999999999999973e+00 1.729999999999999982e+00 1.739999999999999991e+00 1.750000000000000000e+00 1.760000000000000009e+00 1.770000000000000018e+00 1.780000000000000027e+00 1.790000000000000036e+00 1.800000000000000044e+00 1.810000000000000053e+00 1.820000000000000062e+00 1.830000000000000071e+00 1.840000000000000080e+00 1.850000000000000089e+00 1.860000000000000098e+00 1.870000000000000107e+00 1.880000000000000115e+00 1.890000000000000124e+00 1.900000000000000133e+00 1.910000000000000142e+00 1.919999999999999929e+00 1.929999999999999938e+00 1.939999999999999947e+00 1.949999999999999956e+00 1.959999999999999964e+00 1.969999999999999973e+00 1.979999999999999982e+00 1.989999999999999991e+00 2.000000000000000000e+00 2.010000000000000231e+00 2.020000000000000018e+00 2.030000000000000249e+00 2.040000000000000036e+00 2.049999999999999822e+00 2.060000000000000053e+00 2.069999999999999840e+00 2.080000000000000071e+00 2.089999999999999858e+00 2.100000000000000089e+00 2.109999999999999876e+00 2.120000000000000107e+00 2.129999999999999893e+00 2.140000000000000124e+00 2.149999999999999911e+00 2.160000000000000142e+00 2.169999999999999929e+00 2.180000000000000160e+00 2.189999999999999947e+00 2.200000000000000178e+00 2.209999999999999964e+00 2.220000000000000195e+00 2.229999999999999982e+00 2.240000000000000213e+00 2.250000000000000000e+00 2.260000000000000231e+00 2.270000000000000018e+00 2.280000000000000249e+00 2.290000000000000036e+00 2.300000000000000266e+00 2.310000000000000053e+00 2.319999999999999840e+00 2.330000000000000071e+00 2.339999999999999858e+00 2.350000000000000089e+00 2.359999999999999876e+00 2.370000000000000107e+00 2.379999999999999893e+00 2.390000000000000124e+00 2.399999999999999911e+00 2.410000000000000142e+00 2.419999999999999929e+00 2.430000000000000160e+00 2.439999999999999947e+00 2.450000000000000178e+00 2.459999999999999964e+00 2.470000000000000195e+00 2.479999999999999982e+00 2.490000000000000213e+00 2.500000000000000000e+00 2.510000000000000231e+00 2.520000000000000018e+00 2.530000000000000249e+00 2.540000000000000036e+00 2.550000000000000266e+00 2.560000000000000053e+00 2.569999999999999840e+00 2.580000000000000071e+00 2.589999999999999858e+00 2.600000000000000089e+00 2.609999999999999876e+00 2.620000000000000107e+00 2.629999999999999893e+00 2.640000000000000124e+00 2.649999999999999911e+00 2.660000000000000142e+00 2.669999999999999929e+00 2.680000000000000160e+00 2.689999999999999947e+00 2.700000000000000178e+00 2.709999999999999964e+00 2.720000000000000195e+00 2.729999999999999982e+00 2.740000000000000213e+00 2.750000000000000000e+00 2.760000000000000231e+00 2.770000000000000018e+00 2.780000000000000249e+00 2.790000000000000036e+00 2.800000000000000266e+00 2.810000000000000053e+00 2.819999999999999840e+00 2.830000000000000071e+00 2.839999999999999858e+00 2.850000000000000089e+00 2.859999999999999876e+00 2.870000000000000107e+00 2.879999999999999893e+00 2.890000000000000124e+00 2.899999999999999911e+00 2.910000000000000142e+00 2.919999999999999929e+00 2.930000000000000160e+00 2.939999999999999947e+00 2.950000000000000178e+00 2.959999999999999964e+00 2.970000000000000195e+00 2.979999999999999982e+00 2.990000000000000213e+00 3.000000000000000000e+00 3.010000000000000231e+00 3.020000000000000018e+00 3.030000000000000249e+00 3.040000000000000036e+00 3.050000000000000266e+00 3.060000000000000053e+00 3.070000000000000284e+00 3.080000000000000071e+00 3.089999999999999858e+00 3.100000000000000089e+00 3.109999999999999876e+00 3.120000000000000107e+00 3.129999999999999893e+00 3.140000000000000124e+00 3.149999999999999911e+00 3.160000000000000142e+00 3.169999999999999929e+00 3.180000000000000160e+00 3.189999999999999947e+00 3.200000000000000178e+00 3.209999999999999964e+00 3.220000000000000195e+00 3.229999999999999982e+00 3.240000000000000213e+00 3.250000000000000000e+00 3.260000000000000231e+00 3.270000000000000018e+00 3.280000000000000249e+00 3.290000000000000036e+00 3.300000000000000266e+00 3.310000000000000053e+00 3.320000000000000284e+00 3.330000000000000071e+00 3.339999999999999858e+00 3.350000000000000089e+00 3.359999999999999876e+00 3.370000000000000107e+00 3.379999999999999893e+00 3.390000000000000124e+00 3.399999999999999911e+00 3.410000000000000142e+00 3.419999999999999929e+00 3.430000000000000160e+00 3.439999999999999947e+00 3.450000000000000178e+00 3.459999999999999964e+00 3.470000000000000195e+00 3.479999999999999982e+00 3.490000000000000213e+00 3.500000000000000000e+00 3.510000000000000231e+00 3.520000000000000018e+00 3.530000000000000249e+00 3.540000000000000036e+00 3.550000000000000266e+00 3.560000000000000053e+00 3.570000000000000284e+00 3.580000000000000071e+00 3.589999999999999858e+00 3.600000000000000089e+00 3.609999999999999876e+00 3.620000000000000107e+00 3.629999999999999893e+00 3.640000000000000124e+00 3.649999999999999911e+00 3.660000000000000142e+00 3.669999999999999929e+00 3.680000000000000160e+00 3.689999999999999947e+00 3.700000000000000178e+00 3.709999999999999964e+00 3.720000000000000195e+00 3.729999999999999982e+00 3.740000000000000213e+00 3.750000000000000000e+00 3.760000000000000231e+00 3.770000000000000018e+00 3.780000000000000249e+00 3.790000000000000036e+00 3.800000000000000266e+00 3.810000000000000053e+00 3.820000000000000284e+00 3.830000000000000071e+00 3.839999999999999858e+00 3.850000000000000089e+00 3.859999999999999876e+00 3.870000000000000107e+00 3.879999999999999893e+00 3.890000000000000124e+00 3.899999999999999911e+00 3.910000000000000142e+00 3.919999999999999929e+00 3.930000000000000160e+00 3.939999999999999947e+00 3.950000000000000178e+00 3.959999999999999964e+00 3.970000000000000195e+00 3.979999999999999982e+00 3.990000000000000213e+00 4.000000000000000000e+00
0.000000000000000000e+00 2.107287679904124370e-02 4.213999201331063149e-02 6.319558689527730866e-02 8.423390838688081528e-02 1.052492119587539604e-01 1.262357644428344916e-01 1.471878468561720332e-01 1.680997572137461205e-01 1.889658133281207630e-01 2.097803555937786391e-01 2.305377497539861098e-01 2.512323896480673224e-01 2.718586999369757562e-01 2.924111388050820159e-01 3.128842006361157724e-01 3.332724186612259221e-01 3.535703675771550425e-01 3.737726661325493915e-01 3.938739796804629489e-01 4.138690226951415307e-01 4.337525612512189155e-01 4.535194154634828445e-01 4.731644618854188300e-01 4.926826358647730664e-01 5.120689338544278657e-01 5.313184156769177324e-01 5.504262067409660952e-01 5.693875002084752834e-01 5.881975591104415813e-01 6.068517184103234818e-01 6.253453870134499937e-01 6.436740497210942102e-01 6.618332691279099622e-01 6.798186874614718933e-01 6.976260283627251368e-01 7.152510986062027287e-01 7.326897897589351727e-01 7.499380797770330842e-01 7.669920345389842353e-01 7.838478093147733805e-01 8.005016501699846465e-01 8.169498953041334222e-01 8.331889763225069911e-01 8.492154194408837453e-01 8.650258466225581033e-01 8.806169766471531046e-01 8.959856261107908004e-01 9.111287103572323076e-01 9.260432443396844349e-01 9.407263434130270774e-01 9.551752240562783047e-01 9.693872045251998859e-01 9.833597054349801914e-01 9.970902502730308870e-01 1.010576465841974469e+00 1.023816082632979629e+00 1.036806935129661156e+00 1.049546962042821052e+00 1.062034206476383691e+00 1.074266816024928017e+00 1.086243042803291425e+00 1.097961243408773546e+00 1.109419878816541916e+00 1.120617514208883669e+00 1.131552818739023580e+00 1.142224565230275823e+00 1.152631629811360581e+00 1.162772991488764340e+00 1.172647731657084913e+00 1.182255033548351042e+00 1.191594181621367321e+00 1.200664560892161337e+00 1.209465656206698103e+00 1.217997051457030633e+00 1.226258428742141637e+00 1.234249567474744458e+00 1.241970343435371049e+00 1.249420727775116147e+00 1.256600785968437828e+00 1.263510676717456871e+00 1.270150650809229953e+00 1.276521049927521245e+00 1.282622305420596742e+00 1.288454937026635827e+00 1.294019551558351022e+00 1.299316841548441959e+00 1.304347583857554005e+00 1.309112638246401117e+00 1.313612945913757546e+00 1.317849528002029924e+00 1.321823484072141230e+00 1.325535990549486565e+00 1.328988299142690233e+00 1.332181735236957820e+00 1.335117696263794507e+00 1.337797650048857978e+00 1.340223133139752720e+00 1.342395749115542269e+00 1.344317166879768877e+00 1.345989118938771600e+00 1.347413399667080514e+00 1.348591863561663162e+00 1.349526423486796078e+00 1.350219048911313280e+00 1.350671764139982134e+00 1.350886646540730318e+00 1.350865824769447832e+00 1.350611476994057369e+00 1.350125829119528387e+00 1.349411153015498188e+00 1.348469764748125410e+00 1.347304022817781499e+00 1.345916326404174690e+00 1.344309113620441920e+00 1.342484859777739459e+00 1.340446075661819725e+00 1.338195305823055570e+00 1.335735126881326451e+00 1.333068145847157826e+00 1.330196998460457136e+00 1.327124347548162886e+00 1.323852881402068249e+00 1.320385312178044446e+00 1.316724374317864266e+00 1.312872822994740840e+00 1.308833432583701217e+00 1.304608995157831908e+00 1.300202319011399821e+00 1.295616227210807159e+00 1.290853556174292427e+00 1.285917154281213337e+00 1.280809880511752263e+00 1.275534603117773447e+00 1.270094198325547152e+00 1.264491549071002252e+00 1.258729543768097869e+00 1.252811075110872086e+00 1.246739038909660646e+00 1.240516332961934642e+00 1.234145855958148408e+00 1.227630506422924261e+00 1.220973181691882070e+00 1.214176776924324574e+00 1.207244184151974542e+00 1.200178291363876104e+00 1.192981981627552424e+00 1.185658132246421026e+00 1.178209613953461243e+00 1.170639290141031852e+00 1.162950016126729214e+00 1.155144638455080086e+00 1.147225994234869706e+00 1.139196910511794059e+00 1.131060203676138132e+00 1.122818678905079803e+00 1.114475129639229012e+00 1.106032337092908380e+00 1.097493069797679910e+00 1.088860083178572191e+00 1.080136119162391495e+00 1.071323905817507915e+00 1.062426157024420448e+00 1.053445572176394229e+00 1.044384835909427212e+00 1.035246617860743124e+00 1.026033572455015364e+00 1.016748338717430533e+00 1.007393540112751618e+00 9.979717844094263546e-01 9.884856635678276326e-01 9.789377536516297162e-01 9.693306147613470758e-01 9.596667909890074233e-01 9.499488103929122351e-01 9.401791849914434840e-01 9.303604107748065788e-01 9.204949677336498048e-01 9.105853199034197321e-01 9.006339154233414801e-01 8.906431866088880822e-01 8.806155500365918654e-01 8.705534066400439919e-01 8.604591418159197591e-01 8.503351255388771346e-01 8.401837124841453619e-01 8.300072421566533354e-01 8.198080390255207961e-01 8.095884126627582722e-01 7.993506578850047006e-01 7.890970548971644183e-01 7.788298694367962183e-01 7.685513529181118297e-01 7.582637425744789272e-01 7.479692615982975745e-01 7.376701192771784044e-01 7.273685111253381796e-01 7.170666190091368186e-01 7.067666112657526867e-01 6.964706428139381122e-01 6.861808552558996688e-01 6.758993769692983600e-01 6.656283231884553286e-01 6.553697960738272821e-01 6.451258847688674525e-01 6.348986654434279897e-01 6.246902013228562422e-01 6.145025427020094355e-01 6.043377269434188070e-01 5.941977784588818867e-01 5.840847086737943616e-01 5.740005159735701579e-01 5.639471856315342313e-01 5.539266897177219651e-01 5.439409869880402759e-01 5.339920227533092589e-01 5.240817287277221848e-01 5.142120228563239470e-01 5.043848091211398099e-01 4.946019773256231655e-01 4.848654028571632857e-01 4.751769464274022137e-01 4.655384537901743891e-01 4.559517554369438286e-01 4.464186662696143504e-01 4.369409852506860314e-01 4.275204950307342489e-01 4.181589615532677051e-01 4.088581336370408215e-01 3.996197425359580002e-01 3.904455014767523324e-01 3.813371051746571871e-01 3.722962293273496814e-01 3.633245300874743400e-01 3.544236435141160935e-01 3.455951850036185768e-01 3.368407487002121892e-01 3.281619068869289779e-01 3.195602093573560176e-01 3.110371827687943846e-01 3.025943299774545570e-01 2.942331293563384964e-01 2.859550340965211768e-01 2.777614714925648043e-01 2.696538422128473833e-01 2.616335195556179216e-01 2.537018486916342019e-01 2.458601458942659690e-01 2.381096977579949259e-01 2.304517604062434888e-01 2.228875586895388561e-01 2.154182853750140902e-01 2.080451003282960676e-01 2.007691296888476640e-01 1.935914650398568859e-01 1.865131625738070953e-01 1.795352422548575078e-01 1.726586869792089973e-01 1.658844417346364841e-01 1.592134127603920257e-01 1.526464667087032989e-01 1.461844298090931582e-01 1.398280870367794859e-01 1.335781812864105800e-01 1.274354125524022330e-01 1.214004371171660546e-01 1.154738667485021436e-01 1.096562679074508523e-01 1.039481609679006324e-01 9.835001944923382755e-02 9.286226926331843379e-02 8.748528797712086524e-02 8.221940409223807422e-02 7.706489634262410349e-02 7.202199301178571766e-02 6.709087127070353929e-02 6.227165653774301146e-02 5.756442186177984643e-02 5.296918732977205779e-02 4.848591949998845574e-02 4.411453086206780505e-02 3.985487932509541170e-02 3.570676773483145994e-02 3.166994342122218808e-02 2.774409777728584561e-02 2.392886587045272087e-02 2.022382608739925133e-02 1.662849981338949609e-02 1.314235114711094672e-02 9.764786651952399310e-03 6.495155144639774836e-03 3.332747522113611947e-03 2.767966274914895929e-04 -2.673522844085787602e-03 -5.519094398939776609e-03 -8.260859756971767123e-03 -1.089981882170089518e-02 -1.343702960760345851e-02 -1.587360812414246106e-02 -1.821072821594285976e-02 -2.044962135860189240e-02 -2.259157640967553518e-02 -2.463793931443470156e-02 -2.659011276601964610e-02 -2.844955581968369035e-02 -3.021778346086292227e-02 -3.189636612685399497e-02 -3.348692918194282747e-02 -3.499115234586992057e-02 -3.641076907557105197e-02 -3.774756590019271579e-02 -3.900338170942502236e-02 -4.018010699524989654e-02 -4.127968304725729981e-02 -4.230410110173537380e-02 -4.325540144479203541e-02 -4.413567246981890679e-02 -4.494704968966233005e-02 -4.569171470391849427e-02 -4.637189412182243092e-02 -4.698985844125360550e-02 -4.754792088443281911e-02 -4.804843619093071561e-02 -4.849379936867839747e-02 -4.888644440368818817e-02 -4.922884292927862115e-02 -4.952350285562256288e-02 -4.977296696049297864e-02 -4.997981144213666654e-02 -5.014664443522925952e-02 -5.027610449094874895e-02 -5.037085902221210415e-02 -5.043360271518374655e-02 -5.046705590820505655e-02 -5.047396293933623102e-02 -5.045709046372862799e-02 -5.041922574211428476e-02 -5.036317490170069688e-02 -5.029176117082943126e-02 -5.020782308876702016e-02 -5.011421269204630741e-02 -5.001379367879989213e-02 -4.990943955256284953e-02 -4.980403174704724906e-02 -4.970045773342502554e-02 -4.960160911167114245e-02 -4.951037968755672702e-02 -4.942966353689064174e-02 -4.936235305864167949e-02 -4.931133701858043950e-02 -4.927949858510930620e-02 -4.926971335895482390e-02 -4.928484739841230283e-02 -4.932775524185702837e-02 -4.940127792921685662e-02 -4.950824102414402850e-02 -4.965145263860944874e-02 -4.983370146164702030e-02 -5.005775479398695549e-02 -5.032635659031059472e-02 -5.064222551086263596e-02 -5.100805298414312627e-02 -5.142650128241968432e-02 -5.190020161175449426e-02 -5.243175221827710286e-02 -5.302371651238267647e-02 -5.367862121254969587e-02 -5.439895451044108460e-02 -5.518716425894637512e-02 -5.604565618479175754e-02 -5.697679212733862408e-02 -5.798288830515755526e-02 -5.906621361194540343e-02 -6.022898794332982864e-02 -6.147338055607155793e-02 -6.280150846115443997e-02 -6.421543485220913838e-02 -6.571716757070264481e-02 -6.730865760927361163e-02 -6.899179765456653346e-02 -7.076842067088383315e-02 -7.264029852592805703e-02 -7.460914065987141186e-02 -7.667659279894918634e-02 -7.884423571472790049e-02 -8.111358403015613006e-02 -8.348608507346408358e-02 -8.596311778092159683e-02 -8.854599164943266487e-02 -9.123594573987985068e-02 -9.403414773209328725e-02 -9.694169303226096712e-02 -9.995960393355488027e-02 -1.030888288306816281e-01 -1.063302414890288511e-01 -1.096846403690102389e-01 -1.131527480061681606e-01 -1.167352104475343211e-01 -1.204325967446875645e-01 -1.242453985039053410e-01 -1.281740294937321611e-01
