# Wed Jun 30 18:48:09 2021
# Spin blind formalism, bias turned off, lead sites decoupled
# Inputs:
# - Num. leads = (4, 4)
# - Num. impurity sites = 1
# - nelecs = (9, 0)
# -vi V_leads = 1.0
# - V_imp_leads = 0.4
# - V_bias = -0.005
# - mu = 0
# - V_gate = -0.5
0.000000000000000000e+00 1.000000000000000021e-02 2.000000000000000042e-02 2.999999999999999889e-02 4.000000000000000083e-02 5.000000000000000278e-02 5.999999999999999778e-02 7.000000000000000666e-02 8.000000000000000167e-02 8.999999999999999667e-02 1.000000000000000056e-01 1.100000000000000006e-01 1.199999999999999956e-01 1.300000000000000044e-01 1.400000000000000133e-01 1.499999999999999944e-01 1.600000000000000033e-01 1.700000000000000122e-01 1.799999999999999933e-01 1.900000000000000022e-01 2.000000000000000111e-01 2.099999999999999922e-01 2.200000000000000011e-01 2.300000000000000100e-01 2.399999999999999911e-01 2.500000000000000000e-01 2.600000000000000089e-01 2.700000000000000178e-01 2.800000000000000266e-01 2.899999999999999800e-01 2.999999999999999889e-01 3.099999999999999978e-01 3.200000000000000067e-01 3.300000000000000155e-01 3.400000000000000244e-01 3.500000000000000333e-01 3.599999999999999867e-01 3.699999999999999956e-01 3.800000000000000044e-01 3.900000000000000133e-01 4.000000000000000222e-01 4.100000000000000311e-01 4.199999999999999845e-01 4.299999999999999933e-01 4.400000000000000022e-01 4.500000000000000111e-01 4.600000000000000200e-01 4.700000000000000289e-01 4.799999999999999822e-01 4.899999999999999911e-01 5.000000000000000000e-01 5.100000000000000089e-01 5.200000000000000178e-01 5.300000000000000266e-01 5.400000000000000355e-01 5.500000000000000444e-01 5.600000000000000533e-01 5.700000000000000622e-01 5.799999999999999600e-01 5.899999999999999689e-01 5.999999999999999778e-01 6.099999999999999867e-01 6.199999999999999956e-01 6.300000000000000044e-01 6.400000000000000133e-01 6.500000000000000222e-01 6.600000000000000311e-01 6.700000000000000400e-01 6.800000000000000488e-01 6.900000000000000577e-01 7.000000000000000666e-01 7.099999999999999645e-01 7.199999999999999734e-01 7.299999999999999822e-01 7.399999999999999911e-01 7.500000000000000000e-01 7.600000000000000089e-01 7.700000000000000178e-01 7.800000000000000266e-01 7.900000000000000355e-01 8.000000000000000444e-01 8.100000000000000533e-01 8.200000000000000622e-01 8.300000000000000711e-01 8.399999999999999689e-01 8.499999999999999778e-01 8.599999999999999867e-01 8.699999999999999956e-01 8.800000000000000044e-01 8.900000000000000133e-01 9.000000000000000222e-01 9.100000000000000311e-01 9.200000000000000400e-01 9.300000000000000488e-01 9.400000000000000577e-01 9.500000000000000666e-01 9.599999999999999645e-01 9.699999999999999734e-01 9.799999999999999822e-01 9.899999999999999911e-01 1.000000000000000000e+00 1.010000000000000009e+00 1.020000000000000018e+00 1.030000000000000027e+00 1.040000000000000036e+00 1.050000000000000044e+00 1.060000000000000053e+00 1.070000000000000062e+00 1.080000000000000071e+00 1.090000000000000080e+00 1.100000000000000089e+00 1.110000000000000098e+00 1.120000000000000107e+00 1.130000000000000115e+00 1.140000000000000124e+00 1.150000000000000133e+00 1.159999999999999920e+00 1.169999999999999929e+00 1.179999999999999938e+00 1.189999999999999947e+00 1.199999999999999956e+00 1.209999999999999964e+00 1.219999999999999973e+00 1.229999999999999982e+00 1.239999999999999991e+00 1.250000000000000000e+00 1.260000000000000009e+00 1.270000000000000018e+00 1.280000000000000027e+00 1.290000000000000036e+00 1.300000000000000044e+00 1.310000000000000053e+00 1.320000000000000062e+00 1.330000000000000071e+00 1.340000000000000080e+00 1.350000000000000089e+00 1.360000000000000098e+00 1.370000000000000107e+00 1.380000000000000115e+00 1.390000000000000124e+00 1.400000000000000133e+00 1.409999999999999920e+00 1.419999999999999929e+00 1.429999999999999938e+00 1.439999999999999947e+00 1.449999999999999956e+00 1.459999999999999964e+00 1.469999999999999973e+00 1.479999999999999982e+00 1.489999999999999991e+00 1.500000000000000000e+00 1.510000000000000009e+00 1.520000000000000018e+00 1.530000000000000027e+00 1.540000000000000036e+00 1.550000000000000044e+00 1.560000000000000053e+00 1.570000000000000062e+00 1.580000000000000071e+00 1.590000000000000080e+00 1.600000000000000089e+00 1.610000000000000098e+00 1.620000000000000107e+00 1.630000000000000115e+00 1.640000000000000124e+00 1.650000000000000133e+00 1.660000000000000142e+00 1.669999999999999929e+00 1.679999999999999938e+00 1.689999999999999947e+00 1.699999999999999956e+00 1.709999999999999964e+00 1.719999999999999973e+00 1.729999999999999982e+00 1.739999999999999991e+00 1.750000000000000000e+00 1.760000000000000009e+00 1.770000000000000018e+00 1.780000000000000027e+00 1.790000000000000036e+00 1.800000000000000044e+00 1.810000000000000053e+00 1.820000000000000062e+00 1.830000000000000071e+00 1.840000000000000080e+00 1.850000000000000089e+00 1.860000000000000098e+00 1.870000000000000107e+00 1.880000000000000115e+00 1.890000000000000124e+00 1.900000000000000133e+00 1.910000000000000142e+00 1.919999999999999929e+00 1.929999999999999938e+00 1.939999999999999947e+00 1.949999999999999956e+00 1.959999999999999964e+00 1.969999999999999973e+00 1.979999999999999982e+00 1.989999999999999991e+00 2.000000000000000000e+00 2.010000000000000231e+00 2.020000000000000018e+00 2.030000000000000249e+00 2.040000000000000036e+00 2.049999999999999822e+00 2.060000000000000053e+00 2.069999999999999840e+00 2.080000000000000071e+00 2.089999999999999858e+00 2.100000000000000089e+00 2.109999999999999876e+00 2.120000000000000107e+00 2.129999999999999893e+00 2.140000000000000124e+00 2.149999999999999911e+00 2.160000000000000142e+00 2.169999999999999929e+00 2.180000000000000160e+00 2.189999999999999947e+00 2.200000000000000178e+00 2.209999999999999964e+00 2.220000000000000195e+00 2.229999999999999982e+00 2.240000000000000213e+00 2.250000000000000000e+00 2.260000000000000231e+00 2.270000000000000018e+00 2.280000000000000249e+00 2.290000000000000036e+00 2.300000000000000266e+00 2.310000000000000053e+00 2.319999999999999840e+00 2.330000000000000071e+00 2.339999999999999858e+00 2.350000000000000089e+00 2.359999999999999876e+00 2.370000000000000107e+00 2.379999999999999893e+00 2.390000000000000124e+00 2.399999999999999911e+00 2.410000000000000142e+00 2.419999999999999929e+00 2.430000000000000160e+00 2.439999999999999947e+00 2.450000000000000178e+00 2.459999999999999964e+00 2.470000000000000195e+00 2.479999999999999982e+00 2.490000000000000213e+00 2.500000000000000000e+00 2.510000000000000231e+00 2.520000000000000018e+00 2.530000000000000249e+00 2.540000000000000036e+00 2.550000000000000266e+00 2.560000000000000053e+00 2.569999999999999840e+00 2.580000000000000071e+00 2.589999999999999858e+00 2.600000000000000089e+00 2.609999999999999876e+00 2.620000000000000107e+00 2.629999999999999893e+00 2.640000000000000124e+00 2.649999999999999911e+00 2.660000000000000142e+00 2.669999999999999929e+00 2.680000000000000160e+00 2.689999999999999947e+00 2.700000000000000178e+00 2.709999999999999964e+00 2.720000000000000195e+00 2.729999999999999982e+00 2.740000000000000213e+00 2.750000000000000000e+00 2.760000000000000231e+00 2.770000000000000018e+00 2.780000000000000249e+00 2.790000000000000036e+00 2.800000000000000266e+00 2.810000000000000053e+00 2.819999999999999840e+00 2.830000000000000071e+00 2.839999999999999858e+00 2.850000000000000089e+00 2.859999999999999876e+00 2.870000000000000107e+00 2.879999999999999893e+00 2.890000000000000124e+00 2.899999999999999911e+00 2.910000000000000142e+00 2.919999999999999929e+00 2.930000000000000160e+00 2.939999999999999947e+00 2.950000000000000178e+00 2.959999999999999964e+00 2.970000000000000195e+00 2.979999999999999982e+00 2.990000000000000213e+00 3.000000000000000000e+00 3.010000000000000231e+00 3.020000000000000018e+00 3.030000000000000249e+00 3.040000000000000036e+00 3.050000000000000266e+00 3.060000000000000053e+00 3.070000000000000284e+00 3.080000000000000071e+00 3.089999999999999858e+00 3.100000000000000089e+00 3.109999999999999876e+00 3.120000000000000107e+00 3.129999999999999893e+00 3.140000000000000124e+00 3.149999999999999911e+00 3.160000000000000142e+00 3.169999999999999929e+00 3.180000000000000160e+00 3.189999999999999947e+00 3.200000000000000178e+00 3.209999999999999964e+00 3.220000000000000195e+00 3.229999999999999982e+00 3.240000000000000213e+00 3.250000000000000000e+00 3.260000000000000231e+00 3.270000000000000018e+00 3.280000000000000249e+00 3.290000000000000036e+00 3.300000000000000266e+00 3.310000000000000053e+00 3.320000000000000284e+00 3.330000000000000071e+00 3.339999999999999858e+00 3.350000000000000089e+00 3.359999999999999876e+00 3.370000000000000107e+00 3.379999999999999893e+00 3.390000000000000124e+00 3.399999999999999911e+00 3.410000000000000142e+00 3.419999999999999929e+00 3.430000000000000160e+00 3.439999999999999947e+00 3.450000000000000178e+00 3.459999999999999964e+00 3.470000000000000195e+00 3.479999999999999982e+00 3.490000000000000213e+00 3.500000000000000000e+00 3.510000000000000231e+00 3.520000000000000018e+00 3.530000000000000249e+00 3.540000000000000036e+00 3.550000000000000266e+00 3.560000000000000053e+00 3.570000000000000284e+00 3.580000000000000071e+00 3.589999999999999858e+00 3.600000000000000089e+00 3.609999999999999876e+00 3.620000000000000107e+00 3.629999999999999893e+00 3.640000000000000124e+00 3.649999999999999911e+00 3.660000000000000142e+00 3.669999999999999929e+00 3.680000000000000160e+00 3.689999999999999947e+00 3.700000000000000178e+00 3.709999999999999964e+00 3.720000000000000195e+00 3.729999999999999982e+00 3.740000000000000213e+00 3.750000000000000000e+00 3.760000000000000231e+00 3.770000000000000018e+00 3.780000000000000249e+00 3.790000000000000036e+00 3.800000000000000266e+00 3.810000000000000053e+00 3.820000000000000284e+00 3.830000000000000071e+00 3.839999999999999858e+00 3.850000000000000089e+00 3.859999999999999876e+00 3.870000000000000107e+00 3.879999999999999893e+00 3.890000000000000124e+00 3.899999999999999911e+00 3.910000000000000142e+00 3.919999999999999929e+00 3.930000000000000160e+00 3.939999999999999947e+00 3.950000000000000178e+00 3.959999999999999964e+00 3.970000000000000195e+00 3.979999999999999982e+00 3.990000000000000213e+00 4.000000000000000000e+00 4.009999999999999787e+00 4.020000000000000462e+00 4.030000000000000249e+00 4.040000000000000036e+00 4.049999999999999822e+00 4.060000000000000497e+00 4.070000000000000284e+00 4.080000000000000071e+00 4.089999999999999858e+00 4.099999999999999645e+00 4.110000000000000320e+00 4.120000000000000107e+00 4.129999999999999893e+00 4.139999999999999680e+00 4.150000000000000355e+00 4.160000000000000142e+00 4.169999999999999929e+00 4.179999999999999716e+00 4.190000000000000391e+00 4.200000000000000178e+00 4.209999999999999964e+00 4.219999999999999751e+00 4.230000000000000426e+00 4.240000000000000213e+00 4.250000000000000000e+00 4.259999999999999787e+00 4.270000000000000462e+00 4.280000000000000249e+00 4.290000000000000036e+00 4.299999999999999822e+00 4.310000000000000497e+00 4.320000000000000284e+00 4.330000000000000071e+00 4.339999999999999858e+00 4.350000000000000533e+00 4.360000000000000320e+00 4.370000000000000107e+00 4.379999999999999893e+00 4.389999999999999680e+00 4.400000000000000355e+00 4.410000000000000142e+00 4.419999999999999929e+00 4.429999999999999716e+00 4.440000000000000391e+00 4.450000000000000178e+00 4.459999999999999964e+00 4.469999999999999751e+00 4.480000000000000426e+00 4.490000000000000213e+00 4.500000000000000000e+00 4.509999999999999787e+00 4.520000000000000462e+00 4.530000000000000249e+00 4.540000000000000036e+00 4.549999999999999822e+00 4.560000000000000497e+00 4.570000000000000284e+00 4.580000000000000071e+00 4.589999999999999858e+00 4.600000000000000533e+00 4.610000000000000320e+00 4.620000000000000107e+00 4.629999999999999893e+00 4.639999999999999680e+00 4.650000000000000355e+00 4.660000000000000142e+00 4.669999999999999929e+00 4.679999999999999716e+00 4.690000000000000391e+00 4.700000000000000178e+00 4.709999999999999964e+00 4.719999999999999751e+00 4.730000000000000426e+00 4.740000000000000213e+00 4.750000000000000000e+00 4.759999999999999787e+00 4.770000000000000462e+00 4.780000000000000249e+00 4.790000000000000036e+00 4.799999999999999822e+00 4.810000000000000497e+00 4.820000000000000284e+00 4.830000000000000071e+00 4.839999999999999858e+00 4.850000000000000533e+00 4.860000000000000320e+00 4.870000000000000107e+00 4.879999999999999893e+00 4.889999999999999680e+00 4.900000000000000355e+00 4.910000000000000142e+00 4.919999999999999929e+00 4.929999999999999716e+00 4.940000000000000391e+00 4.950000000000000178e+00 4.959999999999999964e+00 4.969999999999999751e+00 4.980000000000000426e+00 4.990000000000000213e+00 5.000000000000000000e+00 5.009999999999999787e+00 5.020000000000000462e+00 5.030000000000000249e+00 5.040000000000000036e+00 5.049999999999999822e+00 5.060000000000000497e+00 5.070000000000000284e+00 5.080000000000000071e+00 5.089999999999999858e+00 5.100000000000000533e+00 5.110000000000000320e+00 5.120000000000000107e+00 5.129999999999999893e+00 5.139999999999999680e+00 5.150000000000000355e+00 5.160000000000000142e+00 5.169999999999999929e+00 5.179999999999999716e+00 5.190000000000000391e+00 5.200000000000000178e+00 5.209999999999999964e+00 5.219999999999999751e+00 5.230000000000000426e+00 5.240000000000000213e+00 5.250000000000000000e+00 5.259999999999999787e+00 5.270000000000000462e+00 5.280000000000000249e+00 5.290000000000000036e+00 5.299999999999999822e+00 5.310000000000000497e+00 5.320000000000000284e+00 5.330000000000000071e+00 5.339999999999999858e+00 5.350000000000000533e+00 5.360000000000000320e+00 5.370000000000000107e+00 5.379999999999999893e+00 5.389999999999999680e+00 5.400000000000000355e+00 5.410000000000000142e+00 5.419999999999999929e+00 5.429999999999999716e+00 5.440000000000000391e+00 5.450000000000000178e+00 5.459999999999999964e+00 5.469999999999999751e+00 5.480000000000000426e+00 5.490000000000000213e+00 5.500000000000000000e+00 5.509999999999999787e+00 5.520000000000000462e+00 5.530000000000000249e+00 5.540000000000000036e+00 5.549999999999999822e+00 5.560000000000000497e+00 5.570000000000000284e+00 5.580000000000000071e+00 5.589999999999999858e+00 5.600000000000000533e+00 5.610000000000000320e+00 5.620000000000000107e+00 5.629999999999999893e+00 5.639999999999999680e+00 5.650000000000000355e+00 5.660000000000000142e+00 5.669999999999999929e+00 5.679999999999999716e+00 5.690000000000000391e+00 5.700000000000000178e+00 5.709999999999999964e+00 5.719999999999999751e+00 5.730000000000000426e+00 5.740000000000000213e+00 5.750000000000000000e+00 5.759999999999999787e+00 5.770000000000000462e+00 5.780000000000000249e+00 5.790000000000000036e+00 5.799999999999999822e+00 5.810000000000000497e+00 5.820000000000000284e+00 5.830000000000000071e+00 5.839999999999999858e+00 5.850000000000000533e+00 5.860000000000000320e+00 5.870000000000000107e+00 5.879999999999999893e+00 5.889999999999999680e+00 5.900000000000000355e+00 5.910000000000000142e+00 5.919999999999999929e+00 5.929999999999999716e+00 5.940000000000000391e+00 5.950000000000000178e+00 5.959999999999999964e+00 5.969999999999999751e+00 5.980000000000000426e+00 5.990000000000000213e+00 6.000000000000000000e+00 6.009999999999999787e+00 6.020000000000000462e+00 6.030000000000000249e+00 6.040000000000000036e+00 6.049999999999999822e+00 6.060000000000000497e+00 6.070000000000000284e+00 6.080000000000000071e+00 6.089999999999999858e+00 6.100000000000000533e+00 6.110000000000000320e+00 6.120000000000000107e+00 6.129999999999999893e+00 6.140000000000000568e+00 6.150000000000000355e+00 6.160000000000000142e+00 6.169999999999999929e+00 6.179999999999999716e+00 6.190000000000000391e+00 6.200000000000000178e+00 6.209999999999999964e+00 6.219999999999999751e+00 6.230000000000000426e+00 6.240000000000000213e+00 6.250000000000000000e+00 6.259999999999999787e+00 6.270000000000000462e+00 6.280000000000000249e+00 6.290000000000000036e+00 6.299999999999999822e+00 6.310000000000000497e+00 6.320000000000000284e+00 6.330000000000000071e+00 6.339999999999999858e+00 6.350000000000000533e+00 6.360000000000000320e+00 6.370000000000000107e+00 6.379999999999999893e+00 6.390000000000000568e+00 6.400000000000000355e+00 6.410000000000000142e+00 6.419999999999999929e+00 6.429999999999999716e+00 6.440000000000000391e+00 6.450000000000000178e+00 6.459999999999999964e+00 6.469999999999999751e+00 6.480000000000000426e+00 6.490000000000000213e+00 6.500000000000000000e+00 6.509999999999999787e+00 6.520000000000000462e+00 6.530000000000000249e+00 6.540000000000000036e+00 6.549999999999999822e+00 6.560000000000000497e+00 6.570000000000000284e+00 6.580000000000000071e+00 6.589999999999999858e+00 6.600000000000000533e+00 6.610000000000000320e+00 6.620000000000000107e+00 6.629999999999999893e+00 6.640000000000000568e+00 6.650000000000000355e+00 6.660000000000000142e+00 6.669999999999999929e+00 6.679999999999999716e+00 6.690000000000000391e+00 6.700000000000000178e+00 6.709999999999999964e+00 6.719999999999999751e+00 6.730000000000000426e+00 6.740000000000000213e+00 6.750000000000000000e+00 6.759999999999999787e+00 6.770000000000000462e+00 6.780000000000000249e+00 6.790000000000000036e+00 6.799999999999999822e+00 6.810000000000000497e+00 6.820000000000000284e+00 6.830000000000000071e+00 6.839999999999999858e+00 6.850000000000000533e+00 6.860000000000000320e+00 6.870000000000000107e+00 6.879999999999999893e+00 6.890000000000000568e+00 6.900000000000000355e+00 6.910000000000000142e+00 6.919999999999999929e+00 6.929999999999999716e+00 6.940000000000000391e+00 6.950000000000000178e+00 6.959999999999999964e+00 6.969999999999999751e+00 6.980000000000000426e+00 6.990000000000000213e+00 7.000000000000000000e+00 7.009999999999999787e+00 7.020000000000000462e+00 7.030000000000000249e+00 7.040000000000000036e+00 7.049999999999999822e+00 7.060000000000000497e+00 7.070000000000000284e+00 7.080000000000000071e+00 7.089999999999999858e+00 7.100000000000000533e+00 7.110000000000000320e+00 7.120000000000000107e+00 7.129999999999999893e+00 7.140000000000000568e+00 7.150000000000000355e+00 7.160000000000000142e+00 7.169999999999999929e+00 7.179999999999999716e+00 7.190000000000000391e+00 7.200000000000000178e+00 7.209999999999999964e+00 7.219999999999999751e+00 7.230000000000000426e+00 7.240000000000000213e+00 7.250000000000000000e+00 7.259999999999999787e+00 7.270000000000000462e+00 7.280000000000000249e+00 7.290000000000000036e+00 7.299999999999999822e+00 7.310000000000000497e+00 7.320000000000000284e+00 7.330000000000000071e+00 7.339999999999999858e+00 7.350000000000000533e+00 7.360000000000000320e+00 7.370000000000000107e+00 7.379999999999999893e+00 7.390000000000000568e+00 7.400000000000000355e+00 7.410000000000000142e+00 7.419999999999999929e+00 7.429999999999999716e+00 7.440000000000000391e+00 7.450000000000000178e+00 7.459999999999999964e+00 7.469999999999999751e+00 7.480000000000000426e+00 7.490000000000000213e+00 7.500000000000000000e+00 7.509999999999999787e+00 7.520000000000000462e+00 7.530000000000000249e+00 7.540000000000000036e+00 7.549999999999999822e+00 7.560000000000000497e+00 7.570000000000000284e+00 7.580000000000000071e+00 7.589999999999999858e+00 7.600000000000000533e+00 7.610000000000000320e+00 7.620000000000000107e+00 7.629999999999999893e+00 7.640000000000000568e+00 7.650000000000000355e+00 7.660000000000000142e+00 7.669999999999999929e+00 7.679999999999999716e+00 7.690000000000000391e+00 7.700000000000000178e+00 7.709999999999999964e+00 7.719999999999999751e+00 7.730000000000000426e+00 7.740000000000000213e+00 7.750000000000000000e+00 7.759999999999999787e+00 7.770000000000000462e+00 7.780000000000000249e+00 7.790000000000000036e+00 7.799999999999999822e+00 7.810000000000000497e+00 7.820000000000000284e+00 7.830000000000000071e+00 7.839999999999999858e+00 7.850000000000000533e+00 7.860000000000000320e+00 7.870000000000000107e+00 7.879999999999999893e+00 7.890000000000000568e+00 7.900000000000000355e+00 7.910000000000000142e+00 7.919999999999999929e+00 7.930000000000000604e+00 7.940000000000000391e+00 7.950000000000000178e+00 7.959999999999999964e+00 7.969999999999999751e+00 7.980000000000000426e+00 7.990000000000000213e+00 8.000000000000000000e+00 8.009999999999999787e+00 8.019999999999999574e+00 8.029999999999999361e+00 8.040000000000000924e+00 8.050000000000000711e+00 8.060000000000000497e+00 8.070000000000000284e+00 8.080000000000000071e+00 8.089999999999999858e+00 8.099999999999999645e+00 8.109999999999999432e+00 8.120000000000000995e+00 8.130000000000000782e+00 8.140000000000000568e+00 8.150000000000000355e+00 8.160000000000000142e+00 8.169999999999999929e+00 8.179999999999999716e+00 8.189999999999999503e+00 8.199999999999999289e+00 8.210000000000000853e+00 8.220000000000000639e+00 8.230000000000000426e+00 8.240000000000000213e+00 8.250000000000000000e+00 8.259999999999999787e+00 8.269999999999999574e+00 8.279999999999999361e+00 8.290000000000000924e+00 8.300000000000000711e+00 8.310000000000000497e+00 8.320000000000000284e+00 8.330000000000000071e+00 8.339999999999999858e+00 8.349999999999999645e+00 8.359999999999999432e+00 8.370000000000000995e+00 8.380000000000000782e+00 8.390000000000000568e+00 8.400000000000000355e+00 8.410000000000000142e+00 8.419999999999999929e+00 8.429999999999999716e+00 8.439999999999999503e+00 8.449999999999999289e+00 8.460000000000000853e+00 8.470000000000000639e+00 8.480000000000000426e+00 8.490000000000000213e+00 8.500000000000000000e+00 8.509999999999999787e+00 8.519999999999999574e+00 8.529999999999999361e+00 8.540000000000000924e+00 8.550000000000000711e+00 8.560000000000000497e+00 8.570000000000000284e+00 8.580000000000000071e+00 8.589999999999999858e+00 8.599999999999999645e+00 8.609999999999999432e+00 8.620000000000000995e+00 8.630000000000000782e+00 8.640000000000000568e+00 8.650000000000000355e+00 8.660000000000000142e+00 8.669999999999999929e+00 8.679999999999999716e+00 8.689999999999999503e+00 8.700000000000001066e+00 8.710000000000000853e+00 8.720000000000000639e+00 8.730000000000000426e+00 8.740000000000000213e+00 8.750000000000000000e+00 8.759999999999999787e+00 8.769999999999999574e+00 8.779999999999999361e+00 8.790000000000000924e+00 8.800000000000000711e+00 8.810000000000000497e+00 8.820000000000000284e+00 8.830000000000000071e+00 8.839999999999999858e+00 8.849999999999999645e+00 8.859999999999999432e+00 8.870000000000000995e+00 8.880000000000000782e+00 8.890000000000000568e+00 8.900000000000000355e+00 8.910000000000000142e+00 8.919999999999999929e+00 8.929999999999999716e+00 8.939999999999999503e+00 8.950000000000001066e+00 8.960000000000000853e+00 8.970000000000000639e+00 8.980000000000000426e+00 8.990000000000000213e+00 9.000000000000000000e+00 9.009999999999999787e+00 9.019999999999999574e+00 9.029999999999999361e+00 9.040000000000000924e+00 9.050000000000000711e+00 9.060000000000000497e+00 9.070000000000000284e+00 9.080000000000000071e+00 9.089999999999999858e+00 9.099999999999999645e+00 9.109999999999999432e+00 9.120000000000000995e+00 9.130000000000000782e+00 9.140000000000000568e+00 9.150000000000000355e+00 9.160000000000000142e+00 9.169999999999999929e+00 9.179999999999999716e+00 9.189999999999999503e+00 9.200000000000001066e+00 9.210000000000000853e+00 9.220000000000000639e+00 9.230000000000000426e+00 9.240000000000000213e+00 9.250000000000000000e+00 9.259999999999999787e+00 9.269999999999999574e+00 9.279999999999999361e+00 9.290000000000000924e+00 9.300000000000000711e+00 9.310000000000000497e+00 9.320000000000000284e+00 9.330000000000000071e+00 9.339999999999999858e+00 9.349999999999999645e+00 9.359999999999999432e+00 9.370000000000000995e+00 9.380000000000000782e+00 9.390000000000000568e+00 9.400000000000000355e+00 9.410000000000000142e+00 9.419999999999999929e+00 9.429999999999999716e+00 9.439999999999999503e+00 9.450000000000001066e+00 9.460000000000000853e+00 9.470000000000000639e+00 9.480000000000000426e+00 9.490000000000000213e+00 9.500000000000000000e+00 9.509999999999999787e+00 9.519999999999999574e+00 9.529999999999999361e+00 9.540000000000000924e+00 9.550000000000000711e+00 9.560000000000000497e+00 9.570000000000000284e+00 9.580000000000000071e+00 9.589999999999999858e+00 9.599999999999999645e+00 9.609999999999999432e+00 9.620000000000000995e+00 9.630000000000000782e+00 9.640000000000000568e+00 9.650000000000000355e+00 9.660000000000000142e+00 9.669999999999999929e+00 9.679999999999999716e+00 9.689999999999999503e+00 9.700000000000001066e+00 9.710000000000000853e+00 9.720000000000000639e+00 9.730000000000000426e+00 9.740000000000000213e+00 9.750000000000000000e+00 9.759999999999999787e+00 9.769999999999999574e+00 9.779999999999999361e+00 9.790000000000000924e+00 9.800000000000000711e+00 9.810000000000000497e+00 9.820000000000000284e+00 9.830000000000000071e+00 9.839999999999999858e+00 9.849999999999999645e+00 9.859999999999999432e+00 9.870000000000000995e+00 9.880000000000000782e+00 9.890000000000000568e+00 9.900000000000000355e+00 9.910000000000000142e+00 9.919999999999999929e+00 9.929999999999999716e+00 9.939999999999999503e+00 9.950000000000001066e+00 9.960000000000000853e+00 9.970000000000000639e+00 9.980000000000000426e+00 9.990000000000000213e+00 1.000000000000000000e+01
-9.702664476143290528e+00 -9.702664476143272765e+00 -9.702664476143256778e+00 -9.702664476143262107e+00 -9.702664476143255001e+00 -9.702664476143247896e+00 -9.702664476143239014e+00 -9.702664476143239014e+00 -9.702664476143223027e+00 -9.702664476143221250e+00 -9.702664476143208816e+00 -9.702664476143201711e+00 -9.702664476143191052e+00 -9.702664476143182171e+00 -9.702664476143176842e+00 -9.702664476143175065e+00 -9.702664476143160854e+00 -9.702664476143153749e+00 -9.702664476143141314e+00 -9.702664476143148420e+00 -9.702664476143128880e+00 -9.702664476143125327e+00 -9.702664476143123551e+00 -9.702664476143112893e+00 -9.702664476143105787e+00 -9.702664476143095129e+00 -9.702664476143093353e+00 -9.702664476143084471e+00 -9.702664476143077366e+00 -9.702664476143068484e+00 -9.702664476143059602e+00 -9.702664476143052497e+00 -9.702664476143041838e+00 -9.702664476143038286e+00 -9.702664476143031180e+00 -9.702664476143027628e+00 -9.702664476143009864e+00 -9.702664476143015193e+00 -9.702664476143004535e+00 -9.702664476142992100e+00 -9.702664476142988548e+00 -9.702664476142977890e+00 -9.702664476142967231e+00 -9.702664476142951244e+00 -9.702664476142956573e+00 -9.702664476142949468e+00 -9.702664476142938810e+00 -9.702664476142929928e+00 -9.702664476142917493e+00 -9.702664476142921046e+00 -9.702664476142908612e+00 -9.702664476142905059e+00 -9.702664476142897954e+00 -9.702664476142887295e+00 -9.702664476142876637e+00 -9.702664476142876637e+00 -9.702664476142865979e+00 -9.702664476142867755e+00 -9.702664476142851768e+00 -9.702664476142844663e+00 -9.702664476142830452e+00 -9.702664476142832228e+00 -9.702664476142825123e+00 -9.702664476142812688e+00 -9.702664476142805583e+00 -9.702664476142794925e+00 -9.702664476142787819e+00 -9.702664476142786043e+00 -9.702664476142768279e+00 -9.702664476142770056e+00 -9.702664476142759398e+00 -9.702664476142755845e+00 -9.702664476142746963e+00 -9.702664476142736305e+00 -9.702664476142727423e+00 -9.702664476142711436e+00 -9.702664476142713212e+00 -9.702664476142711436e+00 -9.702664476142704331e+00 -9.702664476142691896e+00 -9.702664476142686567e+00 -9.702664476142681238e+00 -9.702664476142665251e+00 -9.702664476142663474e+00 -9.702664476142652816e+00 -9.702664476142643935e+00 -9.702664476142640382e+00 -9.702664476142636829e+00 -9.702664476142629724e+00 -9.702664476142617289e+00 -9.702664476142603078e+00 -9.702664476142608407e+00 -9.702664476142594197e+00 -9.702664476142599526e+00 -9.702664476142578209e+00 -9.702664476142569328e+00 -9.702664476142562222e+00 -9.702664476142563998e+00 -9.702664476142551564e+00 -9.702664476142544459e+00 -9.702664476142537353e+00 -9.702664476142516037e+00 -9.702664476142523142e+00 -9.702664476142514260e+00 -9.702664476142507155e+00 -9.702664476142487615e+00 -9.702664476142489391e+00 -9.702664476142480510e+00 -9.702664476142482286e+00 -9.702664476142466299e+00 -9.702664476142459193e+00 -9.702664476142455641e+00 -9.702664476142446759e+00 -9.702664476142434324e+00 -9.702664476142425443e+00 -9.702664476142427219e+00 -9.702664476142418337e+00 -9.702664476142405903e+00 -9.702664476142407679e+00 -9.702664476142393468e+00 -9.702664476142382810e+00 -9.702664476142386363e+00 -9.702664476142381034e+00 -9.702664476142361494e+00 -9.702664476142363270e+00 -9.702664476142347283e+00 -9.702664476142336625e+00 -9.702664476142331296e+00 -9.702664476142331296e+00 -9.702664476142322414e+00 -9.702664476142318861e+00 -9.702664476142311756e+00 -9.702664476142293992e+00 -9.702664476142286887e+00 -9.702664476142278005e+00 -9.702664476142278005e+00 -9.702664476142269123e+00 -9.702664476142258465e+00 -9.702664476142253136e+00 -9.702664476142254912e+00 -9.702664476142238925e+00 -9.702664476142235372e+00 -9.702664476142221162e+00 -9.702664476142210503e+00 -9.702664476142210503e+00 -9.702664476142192740e+00 -9.702664476142190964e+00 -9.702664476142189187e+00 -9.702664476142169647e+00 -9.702664476142167871e+00 -9.702664476142169647e+00 -9.702664476142153660e+00 -9.702664476142153660e+00 -9.702664476142155436e+00 -9.702664476142119909e+00 -9.702664476142137673e+00 -9.702664476142118133e+00 -9.702664476142112804e+00 -9.702664476142105698e+00 -9.702664476142096817e+00 -9.702664476142089711e+00 -9.702664476142087935e+00 -9.702664476142068395e+00 -9.702664476142066619e+00 -9.702664476142057737e+00 -9.702664476142050631e+00 -9.702664476142048855e+00 -9.702664476142036420e+00 -9.702664476142022210e+00 -9.702664476142020433e+00 -9.702664476142013328e+00 -9.702664476142006222e+00 -9.702664476141999117e+00 -9.702664476141990235e+00 -9.702664476141979577e+00 -9.702664476141968919e+00 -9.702664476141963590e+00 -9.702664476141963590e+00 -9.702664476141947603e+00 -9.702664476141947603e+00 -9.702664476141936944e+00 -9.702664476141933392e+00 -9.702664476141924510e+00 -9.702664476141924510e+00 -9.702664476141912075e+00 -9.702664476141904970e+00 -9.702664476141903194e+00 -9.702664476141894312e+00 -9.702664476141874772e+00 -9.702664476141871219e+00 -9.702664476141865890e+00 -9.702664476141848127e+00 -9.702664476141851679e+00 -9.702664476141846350e+00 -9.702664476141835692e+00 -9.702664476141821481e+00 -9.702664476141825034e+00 -9.702664476141816152e+00 -9.702664476141803718e+00 -9.702664476141789507e+00 -9.702664476141787731e+00 -9.702664476141785954e+00 -9.702664476141775296e+00 -9.702664476141768191e+00 -9.702664476141766414e+00 -9.702664476141746874e+00 -9.702664476141743322e+00 -9.702664476141739769e+00 -9.702664476141722005e+00 -9.702664476141722005e+00 -9.702664476141718453e+00 -9.702664476141706018e+00 -9.702664476141695360e+00 -9.702664476141686478e+00 -9.702664476141684702e+00 -9.702664476141670491e+00 -9.702664476141670491e+00 -9.702664476141658056e+00 -9.702664476141659833e+00 -9.702664476141656280e+00 -9.702664476141645622e+00 -9.702664476141633187e+00 -9.702664476141629635e+00 -9.702664476141627858e+00 -9.702664476141620753e+00 -9.702664476141601213e+00 -9.702664476141592331e+00 -9.702664476141587002e+00 -9.702664476141587002e+00 -9.702664476141569239e+00 -9.702664476141572791e+00 -9.702664476141556804e+00 -9.702664476141549699e+00 -9.702664476141553251e+00 -9.702664476141531935e+00 -9.702664476141531935e+00 -9.702664476141519501e+00 -9.702664476141512395e+00 -9.702664476141507066e+00 -9.702664476141505290e+00 -9.702664476141496408e+00 -9.702664476141482197e+00 -9.702664476141480421e+00 -9.702664476141473315e+00 -9.702664476141466210e+00 -9.702664476141459104e+00 -9.702664476141448446e+00 -9.702664476141432459e+00 -9.702664476141432459e+00 -9.702664476141423577e+00 -9.702664476141423577e+00 -9.702664476141411143e+00 -9.702664476141395156e+00 -9.702664476141393379e+00 -9.702664476141388050e+00 -9.702664476141379168e+00 -9.702664476141364958e+00 -9.702664476141363181e+00 -9.702664476141350747e+00 -9.702664476141352523e+00 -9.702664476141331207e+00 -9.702664476141336536e+00 -9.702664476141325878e+00 -9.702664476141313443e+00 -9.702664476141316996e+00 -9.702664476141302785e+00 -9.702664476141301009e+00 -9.702664476141292127e+00 -9.702664476141292127e+00 -9.702664476141270811e+00 -9.702664476141258376e+00 -9.702664476141265482e+00 -9.702664476141251271e+00 -9.702664476141244165e+00 -9.702664476141233507e+00 -9.702664476141229954e+00 -9.702664476141224625e+00 -9.702664476141215744e+00 -9.702664476141208638e+00 -9.702664476141197980e+00 -9.702664476141190875e+00 -9.702664476141185546e+00 -9.702664476141181993e+00 -9.702664476141173111e+00 -9.702664476141160677e+00 -9.702664476141153571e+00 -9.702664476141144689e+00 -9.702664476141144689e+00 -9.702664476141134031e+00 -9.702664476141123373e+00 -9.702664476141116268e+00 -9.702664476141112715e+00 -9.702664476141109162e+00 -9.702664476141094951e+00 -9.702664476141091399e+00 -9.702664476141078964e+00 -9.702664476141068306e+00 -9.702664476141062977e+00 -9.702664476141052319e+00 -9.702664476141059424e+00 -9.702664476141057648e+00 -9.702664476141029226e+00 -9.702664476141031002e+00 -9.702664476141022121e+00 -9.702664476141000804e+00 -9.702664476140991923e+00 -9.702664476140997252e+00 -9.702664476140990146e+00 -9.702664476140983041e+00 -9.702664476140972383e+00 -9.702664476140959948e+00 -9.702664476140959948e+00 -9.702664476140952843e+00 -9.702664476140940408e+00 -9.702664476140940408e+00 -9.702664476140933303e+00 -9.702664476140917316e+00 -9.702664476140924421e+00 -9.702664476140903105e+00 -9.702664476140894223e+00 -9.702664476140897776e+00 -9.702664476140894223e+00 -9.702664476140876459e+00 -9.702664476140876459e+00 -9.702664476140853367e+00 -9.702664476140855143e+00 -9.702664476140846261e+00 -9.702664476140837380e+00 -9.702664476140835603e+00 -9.702664476140824945e+00 -9.702664476140830274e+00 -9.702664476140826721e+00 -9.702664476140812511e+00 -9.702664476140807182e+00 -9.702664476140787642e+00 -9.702664476140778760e+00 -9.702664476140771654e+00 -9.702664476140769878e+00 -9.702664476140752114e+00 -9.702664476140755667e+00 -9.702664476140736127e+00 -9.702664476140736127e+00 -9.702664476140732575e+00 -9.702664476140714811e+00 -9.702664476140713035e+00 -9.702664476140709482e+00 -9.702664476140697047e+00 -9.702664476140686389e+00 -9.702664476140686389e+00 -9.702664476140675731e+00 -9.702664476140670402e+00 -9.702664476140665073e+00 -9.702664476140659744e+00 -9.702664476140652638e+00 -9.702664476140634875e+00 -9.702664476140625993e+00 -9.702664476140620664e+00 -9.702664476140615335e+00 -9.702664476140604677e+00 -9.702664476140594019e+00 -9.702664476140599348e+00 -9.702664476140586913e+00 -9.702664476140581584e+00 -9.702664476140578032e+00 -9.702664476140572702e+00 -9.702664476140554939e+00 -9.702664476140556715e+00 -9.702664476140542504e+00 -9.702664476140528294e+00 -9.702664476140537175e+00 -9.702664476140514083e+00 -9.702664476140506977e+00 -9.702664476140505201e+00 -9.702664476140508754e+00 -9.702664476140485661e+00 -9.702664476140480332e+00 -9.702664476140462568e+00 -9.702664476140471450e+00 -9.702664476140457239e+00 -9.702664476140455463e+00 -9.702664476140443028e+00 -9.702664476140448357e+00 -9.702664476140439476e+00 -9.702664476140430594e+00 -9.702664476140418159e+00 -9.702664476140398619e+00 -9.702664476140395067e+00 -9.702664476140387961e+00 -9.702664476140380856e+00 -9.702664476140382632e+00 -9.702664476140370198e+00 -9.702664476140366645e+00 -9.702664476140354211e+00 -9.702664476140347105e+00 -9.702664476140348881e+00 -9.702664476140332894e+00 -9.702664476140322236e+00 -9.702664476140318683e+00 -9.702664476140300920e+00 -9.702664476140311578e+00 -9.702664476140295591e+00 -9.702664476140292038e+00 -9.702664476140277827e+00 -9.702664476140281380e+00 -9.702664476140263616e+00 -9.702664476140260064e+00 -9.702664476140244076e+00 -9.702664476140240524e+00 -9.702664476140231642e+00 -9.702664476140226313e+00 -9.702664476140222760e+00 -9.702664476140206773e+00 -9.702664476140206773e+00 -9.702664476140199667e+00 -9.702664476140192562e+00 -9.702664476140174799e+00 -9.702664476140171246e+00 -9.702664476140167693e+00 -9.702664476140153482e+00 -9.702664476140157035e+00 -9.702664476140146377e+00 -9.702664476140146377e+00 -9.702664476140128613e+00 -9.702664476140117955e+00 -9.702664476140107297e+00 -9.702664476140112626e+00 -9.702664476140101968e+00 -9.702664476140089533e+00 -9.702664476140089533e+00 -9.702664476140080652e+00 -9.702664476140062888e+00 -9.702664476140062888e+00 -9.702664476140052230e+00 -9.702664476140045124e+00 -9.702664476140052230e+00 -9.702664476140034466e+00 -9.702664476140022032e+00 -9.702664476140014926e+00 -9.702664476140014926e+00 -9.702664476140006045e+00 -9.702664476139998939e+00 -9.702664476139990057e+00 -9.702664476139981176e+00 -9.702664476139966965e+00 -9.702664476139972294e+00 -9.702664476139956307e+00 -9.702664476139966965e+00 -9.702664476139942096e+00 -9.702664476139933214e+00 -9.702664476139915450e+00 -9.702664476139927885e+00 -9.702664476139911898e+00 -9.702664476139906569e+00 -9.702664476139895910e+00 -9.702664476139888805e+00 -9.702664476139881700e+00 -9.702664476139881700e+00 -9.702664476139867489e+00 -9.702664476139858607e+00 -9.702664476139856831e+00 -9.702664476139858607e+00 -9.702664476139846172e+00 -9.702664476139833738e+00 -9.702664476139817751e+00 -9.702664476139823080e+00 -9.702664476139812422e+00 -9.702664476139807093e+00 -9.702664476139789329e+00 -9.702664476139787553e+00 -9.702664476139787553e+00 -9.702664476139768013e+00 -9.702664476139762684e+00 -9.702664476139759131e+00 -9.702664476139753802e+00 -9.702664476139736038e+00 -9.702664476139720051e+00 -9.702664476139736038e+00 -9.702664476139721828e+00 -9.702664476139714722e+00 -9.702664476139704064e+00 -9.702664476139702288e+00 -9.702664476139679195e+00 -9.702664476139673866e+00 -9.702664476139672090e+00 -9.702664476139668537e+00 -9.702664476139656102e+00 -9.702664476139641891e+00 -9.702664476139645444e+00 -9.702664476139633010e+00 -9.702664476139636562e+00 -9.702664476139622352e+00 -9.702664476139613470e+00 -9.702664476139599259e+00 -9.702664476139604588e+00 -9.702664476139590377e+00 -9.702664476139588601e+00 -9.702664476139590377e+00 -9.702664476139565508e+00 -9.702664476139567284e+00 -9.702664476139549521e+00 -9.702664476139540639e+00 -9.702664476139545968e+00 -9.702664476139529981e+00 -9.702664476139522876e+00 -9.702664476139513994e+00 -9.702664476139510441e+00 -9.702664476139492677e+00 -9.702664476139490901e+00 -9.702664476139485572e+00 -9.702664476139482019e+00 -9.702664476139467808e+00 -9.702664476139460703e+00 -9.702664476139460703e+00 -9.702664476139450045e+00 -9.702664476139437610e+00 -9.702664476139430505e+00 -9.702664476139425176e+00 -9.702664476139418070e+00 -9.702664476139416294e+00 -9.702664476139405636e+00 -9.702664476139394978e+00 -9.702664476139393201e+00 -9.702664476139380767e+00 -9.702664476139387872e+00 -9.702664476139370109e+00 -9.702664476139368332e+00 -9.702664476139345240e+00 -9.702664476139345240e+00 -9.702664476139338134e+00 -9.702664476139325700e+00 -9.702664476139309713e+00 -9.702664476139311489e+00 -9.702664476139304384e+00 -9.702664476139304384e+00 -9.702664476139291949e+00 -9.702664476139281291e+00 -9.702664476139265304e+00 -9.702664476139265304e+00 -9.702664476139261751e+00 -9.702664476139261751e+00 -9.702664476139243988e+00 -9.702664476139245764e+00 -9.702664476139240435e+00 -9.702664476139226224e+00 -9.702664476139226224e+00 -9.702664476139217342e+00 -9.702664476139204908e+00 -9.702664476139201355e+00 -9.702664476139185368e+00 -9.702664476139172933e+00 -9.702664476139158722e+00 -9.702664476139167604e+00 -9.702664476139148064e+00 -9.702664476139153393e+00 -9.702664476139144512e+00 -9.702664476139137406e+00 -9.702664476139124972e+00 -9.702664476139116090e+00 -9.702664476139116090e+00 -9.702664476139105432e+00 -9.702664476139098326e+00 -9.702664476139096550e+00 -9.702664476139085892e+00 -9.702664476139066352e+00 -9.702664476139068128e+00 -9.702664476139050365e+00 -9.702664476139053917e+00 -9.702664476139050365e+00 -9.702664476139030825e+00 -9.702664476139032601e+00 -9.702664476139018390e+00 -9.702664476139014837e+00 -9.702664476139018390e+00 -9.702664476138998850e+00 -9.702664476138995298e+00 -9.702664476138984639e+00 -9.702664476138968652e+00 -9.702664476138970429e+00 -9.702664476138957994e+00 -9.702664476138957994e+00 -9.702664476138947336e+00 -9.702664476138936678e+00 -9.702664476138934901e+00 -9.702664476138927796e+00 -9.702664476138922467e+00 -9.702664476138906480e+00 -9.702664476138910032e+00 -9.702664476138897598e+00 -9.702664476138890493e+00 -9.702664476138885163e+00 -9.702664476138862071e+00 -9.702664476138869176e+00 -9.702664476138856742e+00 -9.702664476138849636e+00 -9.702664476138837202e+00 -9.702664476138830096e+00 -9.702664476138833649e+00 -9.702664476138814109e+00 -9.702664476138821215e+00 -9.702664476138807004e+00 -9.702664476138805227e+00 -9.702664476138798122e+00 -9.702664476138791017e+00 -9.702664476138775029e+00 -9.702664476138767924e+00 -9.702664476138753713e+00 -9.702664476138762595e+00 -9.702664476138746608e+00 -9.702664476138732397e+00 -9.702664476138732397e+00 -9.702664476138728844e+00 -9.702664476138721739e+00 -9.702664476138711080e+00 -9.702664476138686211e+00 -9.702664476138698646e+00 -9.702664476138687988e+00 -9.702664476138675553e+00 -9.702664476138675553e+00 -9.702664476138668448e+00 -9.702664476138663119e+00 -9.702664476138656013e+00 -9.702664476138643579e+00 -9.702664476138638250e+00 -9.702664476138631144e+00 -9.702664476138627592e+00 -9.702664476138609828e+00 -9.702664476138609828e+00 -9.702664476138608052e+00 -9.702664476138588512e+00 -9.702664476138574301e+00 -9.702664476138583183e+00 -9.702664476138561866e+00 -9.702664476138565419e+00 -9.702664476138549432e+00 -9.702664476138540550e+00 -9.702664476138536997e+00 -9.702664476138521010e+00 -9.702664476138524563e+00 -9.702664476138526339e+00 -9.702664476138510352e+00 -9.702664476138506799e+00 -9.702664476138490812e+00 -9.702664476138492589e+00 -9.702664476138478378e+00 -9.702664476138467720e+00 -9.702664476138464167e+00 -9.702664476138464167e+00 -9.702664476138444627e+00 -9.702664476138437522e+00 -9.702664476138433969e+00 -9.702664476138430416e+00 -9.702664476138416205e+00 -9.702664476138412653e+00 -9.702664476138405547e+00 -9.702664476138398442e+00 -9.702664476138389560e+00 -9.702664476138377125e+00 -9.702664476138380678e+00 -9.702664476138359362e+00 -9.702664476138346927e+00 -9.702664476138352256e+00 -9.702664476138345151e+00 -9.702664476138339822e+00 -9.702664476138325611e+00 -9.702664476138320282e+00 -9.702664476138307847e+00 -9.702664476138302518e+00 -9.702664476138291860e+00 -9.702664476138282978e+00 -9.702664476138284755e+00 -9.702664476138277649e+00 -9.702664476138275873e+00 -9.702664476138270544e+00 -9.702664476138258109e+00 -9.702664476138251004e+00 -9.702664476138236793e+00 -9.702664476138222582e+00 -9.702664476138222582e+00 -9.702664476138217253e+00 -9.702664476138211924e+00 -9.702664476138195937e+00 -9.702664476138204819e+00 -9.702664476138190608e+00 -9.702664476138179950e+00 -9.702664476138169292e+00 -9.702664476138160410e+00 -9.702664476138156857e+00 -9.702664476138156857e+00 -9.702664476138156857e+00 -9.702664476138139094e+00 -9.702664476138121330e+00 -9.702664476138117777e+00 -9.702664476138119554e+00 -9.702664476138107119e+00 -9.702664476138098237e+00 -9.702664476138089356e+00 -9.702664476138075145e+00 -9.702664476138073368e+00 -9.702664476138059158e+00 -9.702664476138052052e+00 -9.702664476138055605e+00 -9.702664476138037841e+00 -9.702664476138032512e+00 -9.702664476138030736e+00 -9.702664476138020078e+00 -9.702664476138004090e+00 -9.702664476137991656e+00 -9.702664476137995209e+00 -9.702664476137993432e+00 -9.702664476137988103e+00 -9.702664476137984551e+00 -9.702664476137961458e+00 -9.702664476137956129e+00 -9.702664476137954352e+00 -9.702664476137943694e+00 -9.702664476137941918e+00 -9.702664476137934813e+00 -9.702664476137925931e+00 -9.702664476137924154e+00 -9.702664476137899285e+00 -9.702664476137901062e+00 -9.702664476137902838e+00 -9.702664476137886851e+00 -9.702664476137874416e+00 -9.702664476137883298e+00 -9.702664476137867311e+00 -9.702664476137854876e+00 -9.702664476137853100e+00 -9.702664476137844218e+00 -9.702664476137837113e+00 -9.702664476137819349e+00 -9.702664476137805138e+00 -9.702664476137810468e+00 -9.702664476137808691e+00 -9.702664476137796257e+00 -9.702664476137790928e+00 -9.702664476137794480e+00 -9.702664476137780269e+00 -9.702664476137776717e+00 -9.702664476137751848e+00 -9.702664476137757177e+00 -9.702664476137744742e+00 -9.702664476137744742e+00 -9.702664476137734084e+00 -9.702664476137726979e+00 -9.702664476137712768e+00 -9.702664476137709215e+00 -9.702664476137705662e+00 -9.702664476137698557e+00 -9.702664476137682570e+00 -9.702664476137666583e+00 -9.702664476137663030e+00 -9.702664476137657701e+00 -9.702664476137650595e+00 -9.702664476137634608e+00 -9.702664476137648819e+00 -9.702664476137631056e+00 -9.702664476137632832e+00 -9.702664476137615068e+00 -9.702664476137609739e+00 -9.702664476137613292e+00 -9.702664476137595528e+00 -9.702664476137591976e+00 -9.702664476137583094e+00 -9.702664476137581318e+00 -9.702664476137565330e+00 -9.702664476137563554e+00 -9.702664476137563554e+00 -9.702664476137544014e+00 -9.702664476137533356e+00 -9.702664476137533356e+00 -9.702664476137519145e+00 -9.702664476137506711e+00 -9.702664476137501381e+00 -9.702664476137501381e+00 -9.702664476137488947e+00 -9.702664476137478289e+00 -9.702664476137476512e+00 -9.702664476137464078e+00 -9.702664476137453420e+00 -9.702664476137455196e+00 -9.702664476137456973e+00 -9.702664476137440985e+00 -9.702664476137430327e+00 -9.702664476137430327e+00 -9.702664476137412564e+00 -9.702664476137423222e+00 -9.702664476137400129e+00 -9.702664476137396576e+00 -9.702664476137384142e+00 -9.702664476137377036e+00 -9.702664476137362826e+00 -9.702664476137362826e+00 -9.702664476137348615e+00 -9.702664476137330851e+00 -9.702664476137336180e+00 -9.702664476137325522e+00 -9.702664476137320193e+00 -9.702664476137309535e+00 -9.702664476137323746e+00 -9.702664476137307759e+00 -9.702664476137291771e+00 -9.702664476137288219e+00 -9.702664476137288219e+00 -9.702664476137263350e+00 -9.702664476137259797e+00 -9.702664476137254468e+00 -9.702664476137250915e+00 -9.702664476137247362e+00 -9.702664476137231375e+00 -9.702664476137218941e+00 -9.702664476137231375e+00 -9.702664476137211835e+00 -9.702664476137192295e+00 -9.702664476137199401e+00 -9.702664476137186966e+00 -9.702664476137188743e+00 -9.702664476137183414e+00 -9.702664476137165650e+00 -9.702664476137162097e+00 -9.702664476137156768e+00 -9.702664476137154992e+00 -9.702664476137144334e+00 -9.702664476137135452e+00 -9.702664476137121241e+00 -9.702664476137124794e+00 -9.702664476137110583e+00 -9.702664476137096372e+00 -9.702664476137096372e+00 -9.702664476137076832e+00 -9.702664476137076832e+00 -9.702664476137085714e+00 -9.702664476137067950e+00 -9.702664476137067950e+00 -9.702664476137050187e+00 -9.702664476137041305e+00 -9.702664476137030647e+00 -9.702664476137030647e+00 -9.702664476137021765e+00 -9.702664476137009331e+00 -9.702664476137011107e+00 -9.702664476136993343e+00 -9.702664476136988014e+00 -9.702664476136980909e+00 -9.702664476136970251e+00 -9.702664476136963145e+00 -9.702664476136963145e+00 -9.702664476136948934e+00 -9.702664476136941829e+00 -9.702664476136940053e+00 -9.702664476136936500e+00 -9.702664476136922289e+00 -9.702664476136915184e+00 -9.702664476136904526e+00 -9.702664476136900973e+00 -9.702664476136884986e+00 -9.702664476136876104e+00 -9.702664476136872551e+00 -9.702664476136867222e+00 -9.702664476136865446e+00 -9.702664476136853011e+00 -9.702664476136851235e+00 -9.702664476136838800e+00 -9.702664476136833471e+00 -9.702664476136813931e+00 -9.702664476136821037e+00 -9.702664476136810379e+00 -9.702664476136801497e+00 -9.702664476136808602e+00 -9.702664476136796168e+00 -9.702664476136783733e+00 -9.702664476136780181e+00 -9.702664476136762417e+00 -9.702664476136755312e+00 -9.702664476136744653e+00 -9.702664476136741101e+00 -9.702664476136730443e+00 -9.702664476136725114e+00 -9.702664476136714455e+00 -9.702664476136712679e+00 -9.702664476136710903e+00 -9.702664476136703797e+00 -9.702664476136691363e+00 -9.702664476136686034e+00 -9.702664476136680705e+00 -9.702664476136668270e+00 -9.702664476136659388e+00 -9.702664476136659388e+00 -9.702664476136652283e+00 -9.702664476136636296e+00 -9.702664476136630967e+00 -9.702664476136632743e+00 -9.702664476136616756e+00 -9.702664476136614979e+00 -9.702664476136595439e+00 -9.702664476136597216e+00 -9.702664476136588334e+00 -9.702664476136586558e+00 -9.702664476136574123e+00 -9.702664476136556360e+00 -9.702664476136554583e+00 -9.702664476136554583e+00 -9.702664476136540372e+00 -9.702664476136538596e+00 -9.702664476136524385e+00 -9.702664476136519056e+00 -9.702664476136506622e+00 -9.702664476136499516e+00 -9.702664476136494187e+00 -9.702664476136488858e+00 -9.702664476136479976e+00 -9.702664476136478200e+00 -9.702664476136465765e+00 -9.702664476136476424e+00 -9.702664476136446225e+00 -9.702664476136444449e+00 -9.702664476136430238e+00 -9.702664476136426686e+00 -9.702664476136428462e+00 -9.702664476136408922e+00 -9.702664476136392935e+00 -9.702664476136394711e+00 -9.702664476136389382e+00 -9.702664476136376948e+00 -9.702664476136380500e+00 -9.702664476136366289e+00 -9.702664476136359184e+00 -9.702664476136360960e+00 -9.702664476136346750e+00 -9.702664476136343197e+00 -9.702664476136327210e+00 -9.702664476136320104e+00 -9.702664476136312999e+00 -9.702664476136302341e+00 -9.702664476136297012e+00 -9.702664476136291682e+00 -9.702664476136282801e+00 -9.702664476136273919e+00 -9.702664476136268590e+00 -9.702664476136277472e+00 -9.702664476136261484e+00 -9.702664476136238392e+00 -9.702664476136243721e+00 -9.702664476136238392e+00 -9.702664476136227734e+00 -9.702664476136229510e+00 -9.702664476136217075e+00 -9.702664476136204641e+00 -9.702664476136197536e+00 -9.702664476136188654e+00 -9.702664476136183325e+00 -9.702664476136170890e+00 -9.702664476136165561e+00 -9.702664476136153127e+00 -9.702664476136153127e+00 -9.702664476136140692e+00 -9.702664476136128258e+00 -9.702664476136119376e+00 -9.702664476136121152e+00 -9.702664476136106941e+00 -9.702664476136115823e+00 -9.702664476136096283e+00 -9.702664476136099836e+00 -9.702664476136083849e+00 -9.702664476136083849e+00 -9.702664476136074967e+00 -9.702664476136057203e+00 -9.702664476136057203e+00 -9.702664476136050098e+00 -9.702664476136041216e+00 -9.702664476136023453e+00 -9.702664476136028782e+00 -9.702664476136014571e+00 -9.702664476136012794e+00 -9.702664476136003913e+00 -9.702664476135991478e+00 -9.702664476135986149e+00 -9.702664476135991478e+00 -9.702664476135980820e+00 -9.702664476135966609e+00 -9.702664476135957727e+00 -9.702664476135961280e+00 -9.702664476135932858e+00 -9.702664476135943517e+00 -9.702664476135923977e+00 -9.702664476135909766e+00 -9.702664476135916871e+00 -9.702664476135893779e+00 -9.702664476135895555e+00 -9.702664476135884897e+00 -9.702664476135890226e+00 -9.702664476135863580e+00 -9.702664476135865357e+00 -9.702664476135861804e+00 -9.702664476135863580e+00 -9.702664476135851146e+00 -9.702664476135854699e+00 -9.702664476135826277e+00 -9.702664476135835159e+00 -9.702664476135808513e+00 -9.702664476135810290e+00
