# Tue Jul  6 23:23:39 2021
# Spin blind formalism, bias turned off, lead sites decoupled
# Inputs:
# - Num. leads = (4, 4)
# - Num. impurity sites = 1
# - nelecs = (9, 0)
# - V_leads = 1.0
# - V_imp_leads = 0.4
# - V_bias = -0.005
# - mu = 0
# - V_gate = 0.0
# - U = 1.0
0.000000000000000000e+00 1.000000000000000056e-01 2.000000000000000111e-01 3.000000000000000444e-01 4.000000000000000222e-01 5.000000000000000000e-01 6.000000000000000888e-01 7.000000000000000666e-01 8.000000000000000444e-01 9.000000000000000222e-01 1.000000000000000000e+00 1.100000000000000089e+00 1.200000000000000178e+00 1.300000000000000044e+00 1.400000000000000133e+00 1.500000000000000000e+00 1.600000000000000089e+00 1.700000000000000178e+00 1.800000000000000044e+00 1.900000000000000133e+00 2.000000000000000000e+00 2.100000000000000089e+00 2.200000000000000178e+00 2.300000000000000266e+00 2.400000000000000355e+00 2.500000000000000000e+00 2.600000000000000089e+00 2.700000000000000178e+00 2.800000000000000266e+00 2.900000000000000355e+00 3.000000000000000000e+00 3.100000000000000089e+00 3.200000000000000178e+00 3.300000000000000266e+00 3.400000000000000355e+00 3.500000000000000000e+00 3.600000000000000089e+00 3.700000000000000178e+00 3.800000000000000266e+00 3.900000000000000355e+00 4.000000000000000000e+00 4.100000000000000533e+00 4.200000000000000178e+00 4.299999999999999822e+00 4.400000000000000355e+00 4.500000000000000000e+00 4.600000000000000533e+00 4.700000000000000178e+00 4.800000000000000711e+00 4.900000000000000355e+00 5.000000000000000000e+00 5.100000000000000533e+00 5.200000000000000178e+00 5.300000000000000711e+00 5.400000000000000355e+00 5.500000000000000000e+00 5.600000000000000533e+00 5.700000000000000178e+00 5.800000000000000711e+00 5.900000000000000355e+00 6.000000000000000000e+00 6.100000000000000533e+00 6.200000000000000178e+00 6.300000000000000711e+00 6.400000000000000355e+00 6.500000000000000000e+00 6.600000000000000533e+00 6.700000000000000178e+00 6.800000000000000711e+00 6.900000000000000355e+00 7.000000000000000000e+00 7.100000000000000533e+00 7.200000000000000178e+00 7.300000000000000711e+00 7.400000000000000355e+00 7.500000000000000000e+00 7.600000000000000533e+00 7.700000000000000178e+00 7.800000000000000711e+00 7.900000000000000355e+00 8.000000000000000000e+00 8.099999999999999645e+00 8.200000000000001066e+00 8.300000000000000711e+00 8.400000000000000355e+00 8.500000000000000000e+00 8.599999999999999645e+00 8.700000000000001066e+00 8.800000000000000711e+00 8.900000000000000355e+00 9.000000000000000000e+00 9.099999999999999645e+00 9.200000000000001066e+00 9.300000000000000711e+00 9.400000000000000355e+00 9.500000000000000000e+00 9.600000000000001421e+00 9.700000000000001066e+00 9.800000000000000711e+00 9.900000000000000355e+00 1.000000000000000000e+01
-9.238719611126175124e+00 -9.238719604268460728e+00 -9.238719597393910021e+00 -9.238719590502471490e+00 -9.238719583594098950e+00 -9.238719576668771083e+00 -9.238719569726413283e+00 -9.238719562766979365e+00 -9.238719555790433802e+00 -9.238719548796717973e+00 -9.238719541785803457e+00 -9.238719534757635188e+00 -9.238719527712168755e+00 -9.238719520649329553e+00 -9.238719513569105146e+00 -9.238719506471420928e+00 -9.238719499356260911e+00 -9.238719492223552265e+00 -9.238719485073236370e+00 -9.238719477905286581e+00 -9.238719470719663818e+00 -9.238719463516277486e+00 -9.238719456295127586e+00 -9.238719449056116417e+00 -9.238719441799238652e+00 -9.238719434524405472e+00 -9.238719427231607995e+00 -9.238719419920773390e+00 -9.238719412591846591e+00 -9.238719405244790295e+00 -9.238719397879565420e+00 -9.238719390496077821e+00 -9.238719383094304405e+00 -9.238719375674218526e+00 -9.238719368235742024e+00 -9.238719360778784306e+00 -9.238719353303386228e+00 -9.238719345809426997e+00 -9.238719338296876415e+00 -9.238719330765681192e+00 -9.238719323215793366e+00 -9.238719315647157870e+00 -9.238719308059714308e+00 -9.238719300453453798e+00 -9.238719292828259100e+00 -9.238719285184092911e+00 -9.238719277520939244e+00 -9.238719269838695070e+00 -9.238719262137376376e+00 -9.238719254416848159e+00 -9.238719246677128183e+00 -9.238719238918111643e+00 -9.238719231139759458e+00 -9.238719223342041431e+00 -9.238719215524874073e+00 -9.238719207688221857e+00 -9.238719199832013729e+00 -9.238719191956205279e+00 -9.238719184060730782e+00 -9.238719176145551160e+00 -9.238719168210600685e+00 -9.238719160255840279e+00 -9.238719152281177571e+00 -9.238719144286616114e+00 -9.238719136272043997e+00 -9.238719128237420364e+00 -9.238719120182677713e+00 -9.238719112107798281e+00 -9.238719104012707461e+00 -9.238719095897327094e+00 -9.238719087761635862e+00 -9.238719079605532514e+00 -9.238719071428992180e+00 -9.238719063231977557e+00 -9.238719055014382064e+00 -9.238719046776173727e+00 -9.238719038517295701e+00 -9.238719030237680485e+00 -9.238719021937265907e+00 -9.238719013616000453e+00 -9.238719005273832607e+00 -9.238718996910677106e+00 -9.238718988526505527e+00 -9.238718980121259250e+00 -9.238718971694851234e+00 -9.238718963247258387e+00 -9.238718954778358139e+00 -9.238718946288170031e+00 -9.238718937776576823e+00 -9.238718929243527000e+00 -9.238718920689002800e+00 -9.238718912112872772e+00 -9.238718903515131586e+00 -9.238718894895697531e+00 -9.238718886254499552e+00 -9.238718877591503897e+00 -9.238718868906611092e+00 -9.238718860199783833e+00 -9.238718851470958171e+00 -9.238718842720082591e+00 -9.238718833947050513e+00
