# Tue Jul  6 23:23:39 2021
# Spin blind formalism, bias turned off, lead sites decoupled
# Inputs:
# - Num. leads = (4, 4)
# - Num. impurity sites = 1
# - nelecs = (9, 0)
# - V_leads = 1.0
# - V_imp_leads = 0.4
# - V_bias = -0.005
# - mu = 0
# - V_gate = 0.0
# - U = 1.0
0.000000000000000000e+00 1.000000000000000056e-01 2.000000000000000111e-01 3.000000000000000444e-01 4.000000000000000222e-01 5.000000000000000000e-01 6.000000000000000888e-01 7.000000000000000666e-01 8.000000000000000444e-01 9.000000000000000222e-01 1.000000000000000000e+00 1.100000000000000089e+00 1.200000000000000178e+00 1.300000000000000044e+00 1.400000000000000133e+00 1.500000000000000000e+00 1.600000000000000089e+00 1.700000000000000178e+00 1.800000000000000044e+00 1.900000000000000133e+00 2.000000000000000000e+00 2.100000000000000089e+00 2.200000000000000178e+00 2.300000000000000266e+00 2.400000000000000355e+00 2.500000000000000000e+00 2.600000000000000089e+00 2.700000000000000178e+00 2.800000000000000266e+00 2.900000000000000355e+00 3.000000000000000000e+00 3.100000000000000089e+00 3.200000000000000178e+00 3.300000000000000266e+00 3.400000000000000355e+00 3.500000000000000000e+00 3.600000000000000089e+00 3.700000000000000178e+00 3.800000000000000266e+00 3.900000000000000355e+00 4.000000000000000000e+00 4.100000000000000533e+00 4.200000000000000178e+00 4.299999999999999822e+00 4.400000000000000355e+00 4.500000000000000000e+00 4.600000000000000533e+00 4.700000000000000178e+00 4.800000000000000711e+00 4.900000000000000355e+00 5.000000000000000000e+00 5.100000000000000533e+00 5.200000000000000178e+00 5.300000000000000711e+00 5.400000000000000355e+00 5.500000000000000000e+00 5.600000000000000533e+00 5.700000000000000178e+00 5.800000000000000711e+00 5.900000000000000355e+00 6.000000000000000000e+00 6.100000000000000533e+00 6.200000000000000178e+00 6.300000000000000711e+00 6.400000000000000355e+00 6.500000000000000000e+00 6.600000000000000533e+00 6.700000000000000178e+00 6.800000000000000711e+00 6.900000000000000355e+00 7.000000000000000000e+00 7.100000000000000533e+00 7.200000000000000178e+00 7.300000000000000711e+00 7.400000000000000355e+00 7.500000000000000000e+00 7.600000000000000533e+00 7.700000000000000178e+00 7.800000000000000711e+00 7.900000000000000355e+00 8.000000000000000000e+00 8.099999999999999645e+00 8.200000000000001066e+00 8.300000000000000711e+00 8.400000000000000355e+00 8.500000000000000000e+00 8.599999999999999645e+00 8.700000000000001066e+00 8.800000000000000711e+00 8.900000000000000355e+00 9.000000000000000000e+00 9.099999999999999645e+00 9.200000000000001066e+00 9.300000000000000711e+00 9.400000000000000355e+00 9.500000000000000000e+00 9.600000000000001421e+00 9.700000000000001066e+00 9.800000000000000711e+00 9.900000000000000355e+00 1.000000000000000000e+01
0.000000000000000000e+00 4.383047992908706975e-02 8.706539124488581194e-02 1.289970578849566341e-01 1.689688069702996176e-01 2.063997292821039553e-01 2.408048516847936804e-01 2.718096317280203067e-01 2.991581312299286255e-01 3.227147047733036622e-01 3.424595058872549336e-01 3.584785274009173461e-01 3.709492203477510186e-01 3.801229560900168392e-01 3.863056993580397114e-01 3.898382477927362921e-01 3.910772787107668624e-01 3.903782463578068240e-01 3.880809180135521563e-01 3.844980521668421303e-01 3.799074332320785952e-01 3.745472088238859243e-01 3.686142469493650653e-01 3.622650556382983056e-01 3.556186944946713724e-01 3.487610582978873941e-01 3.417499232748717475e-01 3.346202082534266986e-01 3.273890030721871569e-01 3.200600404947886446e-01 3.126274198174202601e-01 3.050785155628503720e-01 2.973961106059682113e-01 2.895598707252062254e-01 2.815473220870351456e-01 2.733345041815710696e-01 2.648964520724439997e-01 2.562076207960738983e-01 2.472423109730328972e-01 2.379750987903027082e-01 2.283812256589213829e-01 2.184368714838580139e-01 2.081192262367885515e-01 1.974062895409556262e-01 1.862763656617529850e-01 1.747072765167452801e-01 1.626753800545626127e-01 1.501545456960343972e-01 1.371152919379783064e-01 1.235243238692972922e-01 1.093447124615657823e-01 9.453692845653369203e-02 7.906088081316195448e-02 6.287901661793196539e-02 4.596042385109130879e-02 2.828575164365966857e-02 9.852638205482541073e-03 -9.318771091417489896e-03 -2.918071017561991998e-02 -4.965361320378898491e-02 -7.062338535056358890e-02 -9.194057156013188403e-02 -1.134217535496942902e-01 -1.348533446595317487e-01 -1.559977610593507313e-01 -1.766017427346522617e-01 -1.964063974672446145e-01 -2.151583653342196145e-01 -2.326213685816377885e-01 -2.485873374993619045e-01 -2.628862976676019092e-01 -2.753942718632362840e-01 -2.860385879557879596e-01 -2.948001817977716210e-01 -3.017127241324890630e-01 -3.068586603249934819e-01 -3.103625056769244162e-01 -3.123819614302660863e-01 -3.130975843531908498e-01 -3.127018387536470434e-01 -3.113883744875497461e-01 -3.093423077686573985e-01 -3.067321423378545076e-01 -3.037037739337327125e-01 -3.003767941146975318e-01 -2.968430764602059124e-01 -2.931674149790262085e-01 -2.893898138074912363e-01 -2.855289156951959506e-01 -2.815860133602370308e-01 -2.775491131140024326e-01 -2.733966066159056463e-01 -2.691002397127989498e-01 -2.646272276001769841e-01 -2.599415310826588832e-01 -2.550044577334560914e-01 -2.497748651634777162e-01 -2.442093071666004145e-01 -2.382624693982794972e-01 -2.318881889469718294e-01 -2.250412484712729921e-01
