# Wed Jun 30 15:20:25 2021
# Spin blind formalism, bias turned off, lead sites decoupled
# Inputs:
# - Num. leads = (4, 4)
# - Num. impurity sites = 1
# - nelecs = (9, 0)
# -vi V_leads = 1.0
# - V_imp_leads = 0.4
# - V_bias = -0.005
# - mu = 0
# - V_gate = -1.0
0.000000000000000000e+00 1.000000000000000021e-02 2.000000000000000042e-02 2.999999999999999889e-02 4.000000000000000083e-02 5.000000000000000278e-02 5.999999999999999778e-02 7.000000000000000666e-02 8.000000000000000167e-02 8.999999999999999667e-02 1.000000000000000056e-01 1.100000000000000006e-01 1.199999999999999956e-01 1.300000000000000044e-01 1.400000000000000133e-01 1.499999999999999944e-01 1.600000000000000033e-01 1.700000000000000122e-01 1.799999999999999933e-01 1.900000000000000022e-01 2.000000000000000111e-01 2.099999999999999922e-01 2.200000000000000011e-01 2.300000000000000100e-01 2.399999999999999911e-01 2.500000000000000000e-01 2.600000000000000089e-01 2.700000000000000178e-01 2.800000000000000266e-01 2.899999999999999800e-01 2.999999999999999889e-01 3.099999999999999978e-01 3.200000000000000067e-01 3.300000000000000155e-01 3.400000000000000244e-01 3.500000000000000333e-01 3.599999999999999867e-01 3.699999999999999956e-01 3.800000000000000044e-01 3.900000000000000133e-01 4.000000000000000222e-01 4.100000000000000311e-01 4.199999999999999845e-01 4.299999999999999933e-01 4.400000000000000022e-01 4.500000000000000111e-01 4.600000000000000200e-01 4.700000000000000289e-01 4.799999999999999822e-01 4.899999999999999911e-01 5.000000000000000000e-01 5.100000000000000089e-01 5.200000000000000178e-01 5.300000000000000266e-01 5.400000000000000355e-01 5.500000000000000444e-01 5.600000000000000533e-01 5.700000000000000622e-01 5.799999999999999600e-01 5.899999999999999689e-01 5.999999999999999778e-01 6.099999999999999867e-01 6.199999999999999956e-01 6.300000000000000044e-01 6.400000000000000133e-01 6.500000000000000222e-01 6.600000000000000311e-01 6.700000000000000400e-01 6.800000000000000488e-01 6.900000000000000577e-01 7.000000000000000666e-01 7.099999999999999645e-01 7.199999999999999734e-01 7.299999999999999822e-01 7.399999999999999911e-01 7.500000000000000000e-01 7.600000000000000089e-01 7.700000000000000178e-01 7.800000000000000266e-01 7.900000000000000355e-01 8.000000000000000444e-01 8.100000000000000533e-01 8.200000000000000622e-01 8.300000000000000711e-01 8.399999999999999689e-01 8.499999999999999778e-01 8.599999999999999867e-01 8.699999999999999956e-01 8.800000000000000044e-01 8.900000000000000133e-01 9.000000000000000222e-01 9.100000000000000311e-01 9.200000000000000400e-01 9.300000000000000488e-01 9.400000000000000577e-01 9.500000000000000666e-01 9.599999999999999645e-01 9.699999999999999734e-01 9.799999999999999822e-01 9.899999999999999911e-01 1.000000000000000000e+00 1.010000000000000009e+00 1.020000000000000018e+00 1.030000000000000027e+00 1.040000000000000036e+00 1.050000000000000044e+00 1.060000000000000053e+00 1.070000000000000062e+00 1.080000000000000071e+00 1.090000000000000080e+00 1.100000000000000089e+00 1.110000000000000098e+00 1.120000000000000107e+00 1.130000000000000115e+00 1.140000000000000124e+00 1.150000000000000133e+00 1.159999999999999920e+00 1.169999999999999929e+00 1.179999999999999938e+00 1.189999999999999947e+00 1.199999999999999956e+00 1.209999999999999964e+00 1.219999999999999973e+00 1.229999999999999982e+00 1.239999999999999991e+00 1.250000000000000000e+00 1.260000000000000009e+00 1.270000000000000018e+00 1.280000000000000027e+00 1.290000000000000036e+00 1.300000000000000044e+00 1.310000000000000053e+00 1.320000000000000062e+00 1.330000000000000071e+00 1.340000000000000080e+00 1.350000000000000089e+00 1.360000000000000098e+00 1.370000000000000107e+00 1.380000000000000115e+00 1.390000000000000124e+00 1.400000000000000133e+00 1.409999999999999920e+00 1.419999999999999929e+00 1.429999999999999938e+00 1.439999999999999947e+00 1.449999999999999956e+00 1.459999999999999964e+00 1.469999999999999973e+00 1.479999999999999982e+00 1.489999999999999991e+00 1.500000000000000000e+00 1.510000000000000009e+00 1.520000000000000018e+00 1.530000000000000027e+00 1.540000000000000036e+00 1.550000000000000044e+00 1.560000000000000053e+00 1.570000000000000062e+00 1.580000000000000071e+00 1.590000000000000080e+00 1.600000000000000089e+00 1.610000000000000098e+00 1.620000000000000107e+00 1.630000000000000115e+00 1.640000000000000124e+00 1.650000000000000133e+00 1.660000000000000142e+00 1.669999999999999929e+00 1.679999999999999938e+00 1.689999999999999947e+00 1.699999999999999956e+00 1.709999999999999964e+00 1.719999999999999973e+00 1.729999999999999982e+00 1.739999999999999991e+00 1.750000000000000000e+00 1.760000000000000009e+00 1.770000000000000018e+00 1.780000000000000027e+00 1.790000000000000036e+00 1.800000000000000044e+00 1.810000000000000053e+00 1.820000000000000062e+00 1.830000000000000071e+00 1.840000000000000080e+00 1.850000000000000089e+00 1.860000000000000098e+00 1.870000000000000107e+00 1.880000000000000115e+00 1.890000000000000124e+00 1.900000000000000133e+00 1.910000000000000142e+00 1.919999999999999929e+00 1.929999999999999938e+00 1.939999999999999947e+00 1.949999999999999956e+00 1.959999999999999964e+00 1.969999999999999973e+00 1.979999999999999982e+00 1.989999999999999991e+00 2.000000000000000000e+00 2.010000000000000231e+00 2.020000000000000018e+00 2.030000000000000249e+00 2.040000000000000036e+00 2.049999999999999822e+00 2.060000000000000053e+00 2.069999999999999840e+00 2.080000000000000071e+00 2.089999999999999858e+00 2.100000000000000089e+00 2.109999999999999876e+00 2.120000000000000107e+00 2.129999999999999893e+00 2.140000000000000124e+00 2.149999999999999911e+00 2.160000000000000142e+00 2.169999999999999929e+00 2.180000000000000160e+00 2.189999999999999947e+00 2.200000000000000178e+00 2.209999999999999964e+00 2.220000000000000195e+00 2.229999999999999982e+00 2.240000000000000213e+00 2.250000000000000000e+00 2.260000000000000231e+00 2.270000000000000018e+00 2.280000000000000249e+00 2.290000000000000036e+00 2.300000000000000266e+00 2.310000000000000053e+00 2.319999999999999840e+00 2.330000000000000071e+00 2.339999999999999858e+00 2.350000000000000089e+00 2.359999999999999876e+00 2.370000000000000107e+00 2.379999999999999893e+00 2.390000000000000124e+00 2.399999999999999911e+00 2.410000000000000142e+00 2.419999999999999929e+00 2.430000000000000160e+00 2.439999999999999947e+00 2.450000000000000178e+00 2.459999999999999964e+00 2.470000000000000195e+00 2.479999999999999982e+00 2.490000000000000213e+00 2.500000000000000000e+00 2.510000000000000231e+00 2.520000000000000018e+00 2.530000000000000249e+00 2.540000000000000036e+00 2.550000000000000266e+00 2.560000000000000053e+00 2.569999999999999840e+00 2.580000000000000071e+00 2.589999999999999858e+00 2.600000000000000089e+00 2.609999999999999876e+00 2.620000000000000107e+00 2.629999999999999893e+00 2.640000000000000124e+00 2.649999999999999911e+00 2.660000000000000142e+00 2.669999999999999929e+00 2.680000000000000160e+00 2.689999999999999947e+00 2.700000000000000178e+00 2.709999999999999964e+00 2.720000000000000195e+00 2.729999999999999982e+00 2.740000000000000213e+00 2.750000000000000000e+00 2.760000000000000231e+00 2.770000000000000018e+00 2.780000000000000249e+00 2.790000000000000036e+00 2.800000000000000266e+00 2.810000000000000053e+00 2.819999999999999840e+00 2.830000000000000071e+00 2.839999999999999858e+00 2.850000000000000089e+00 2.859999999999999876e+00 2.870000000000000107e+00 2.879999999999999893e+00 2.890000000000000124e+00 2.899999999999999911e+00 2.910000000000000142e+00 2.919999999999999929e+00 2.930000000000000160e+00 2.939999999999999947e+00 2.950000000000000178e+00 2.959999999999999964e+00 2.970000000000000195e+00 2.979999999999999982e+00 2.990000000000000213e+00 3.000000000000000000e+00 3.010000000000000231e+00 3.020000000000000018e+00 3.030000000000000249e+00 3.040000000000000036e+00 3.050000000000000266e+00 3.060000000000000053e+00 3.070000000000000284e+00 3.080000000000000071e+00 3.089999999999999858e+00 3.100000000000000089e+00 3.109999999999999876e+00 3.120000000000000107e+00 3.129999999999999893e+00 3.140000000000000124e+00 3.149999999999999911e+00 3.160000000000000142e+00 3.169999999999999929e+00 3.180000000000000160e+00 3.189999999999999947e+00 3.200000000000000178e+00 3.209999999999999964e+00 3.220000000000000195e+00 3.229999999999999982e+00 3.240000000000000213e+00 3.250000000000000000e+00 3.260000000000000231e+00 3.270000000000000018e+00 3.280000000000000249e+00 3.290000000000000036e+00 3.300000000000000266e+00 3.310000000000000053e+00 3.320000000000000284e+00 3.330000000000000071e+00 3.339999999999999858e+00 3.350000000000000089e+00 3.359999999999999876e+00 3.370000000000000107e+00 3.379999999999999893e+00 3.390000000000000124e+00 3.399999999999999911e+00 3.410000000000000142e+00 3.419999999999999929e+00 3.430000000000000160e+00 3.439999999999999947e+00 3.450000000000000178e+00 3.459999999999999964e+00 3.470000000000000195e+00 3.479999999999999982e+00 3.490000000000000213e+00 3.500000000000000000e+00 3.510000000000000231e+00 3.520000000000000018e+00 3.530000000000000249e+00 3.540000000000000036e+00 3.550000000000000266e+00 3.560000000000000053e+00 3.570000000000000284e+00 3.580000000000000071e+00 3.589999999999999858e+00 3.600000000000000089e+00 3.609999999999999876e+00 3.620000000000000107e+00 3.629999999999999893e+00 3.640000000000000124e+00 3.649999999999999911e+00 3.660000000000000142e+00 3.669999999999999929e+00 3.680000000000000160e+00 3.689999999999999947e+00 3.700000000000000178e+00 3.709999999999999964e+00 3.720000000000000195e+00 3.729999999999999982e+00 3.740000000000000213e+00 3.750000000000000000e+00 3.760000000000000231e+00 3.770000000000000018e+00 3.780000000000000249e+00 3.790000000000000036e+00 3.800000000000000266e+00 3.810000000000000053e+00 3.820000000000000284e+00 3.830000000000000071e+00 3.839999999999999858e+00 3.850000000000000089e+00 3.859999999999999876e+00 3.870000000000000107e+00 3.879999999999999893e+00 3.890000000000000124e+00 3.899999999999999911e+00 3.910000000000000142e+00 3.919999999999999929e+00 3.930000000000000160e+00 3.939999999999999947e+00 3.950000000000000178e+00 3.959999999999999964e+00 3.970000000000000195e+00 3.979999999999999982e+00 3.990000000000000213e+00 4.000000000000000000e+00 4.009999999999999787e+00 4.020000000000000462e+00 4.030000000000000249e+00 4.040000000000000036e+00 4.049999999999999822e+00 4.060000000000000497e+00 4.070000000000000284e+00 4.080000000000000071e+00 4.089999999999999858e+00 4.099999999999999645e+00 4.110000000000000320e+00 4.120000000000000107e+00 4.129999999999999893e+00 4.139999999999999680e+00 4.150000000000000355e+00 4.160000000000000142e+00 4.169999999999999929e+00 4.179999999999999716e+00 4.190000000000000391e+00 4.200000000000000178e+00 4.209999999999999964e+00 4.219999999999999751e+00 4.230000000000000426e+00 4.240000000000000213e+00 4.250000000000000000e+00 4.259999999999999787e+00 4.270000000000000462e+00 4.280000000000000249e+00 4.290000000000000036e+00 4.299999999999999822e+00 4.310000000000000497e+00 4.320000000000000284e+00 4.330000000000000071e+00 4.339999999999999858e+00 4.350000000000000533e+00 4.360000000000000320e+00 4.370000000000000107e+00 4.379999999999999893e+00 4.389999999999999680e+00 4.400000000000000355e+00 4.410000000000000142e+00 4.419999999999999929e+00 4.429999999999999716e+00 4.440000000000000391e+00 4.450000000000000178e+00 4.459999999999999964e+00 4.469999999999999751e+00 4.480000000000000426e+00 4.490000000000000213e+00 4.500000000000000000e+00 4.509999999999999787e+00 4.520000000000000462e+00 4.530000000000000249e+00 4.540000000000000036e+00 4.549999999999999822e+00 4.560000000000000497e+00 4.570000000000000284e+00 4.580000000000000071e+00 4.589999999999999858e+00 4.600000000000000533e+00 4.610000000000000320e+00 4.620000000000000107e+00 4.629999999999999893e+00 4.639999999999999680e+00 4.650000000000000355e+00 4.660000000000000142e+00 4.669999999999999929e+00 4.679999999999999716e+00 4.690000000000000391e+00 4.700000000000000178e+00 4.709999999999999964e+00 4.719999999999999751e+00 4.730000000000000426e+00 4.740000000000000213e+00 4.750000000000000000e+00 4.759999999999999787e+00 4.770000000000000462e+00 4.780000000000000249e+00 4.790000000000000036e+00 4.799999999999999822e+00 4.810000000000000497e+00 4.820000000000000284e+00 4.830000000000000071e+00 4.839999999999999858e+00 4.850000000000000533e+00 4.860000000000000320e+00 4.870000000000000107e+00 4.879999999999999893e+00 4.889999999999999680e+00 4.900000000000000355e+00 4.910000000000000142e+00 4.919999999999999929e+00 4.929999999999999716e+00 4.940000000000000391e+00 4.950000000000000178e+00 4.959999999999999964e+00 4.969999999999999751e+00 4.980000000000000426e+00 4.990000000000000213e+00 5.000000000000000000e+00 5.009999999999999787e+00 5.020000000000000462e+00 5.030000000000000249e+00 5.040000000000000036e+00 5.049999999999999822e+00 5.060000000000000497e+00 5.070000000000000284e+00 5.080000000000000071e+00 5.089999999999999858e+00 5.100000000000000533e+00 5.110000000000000320e+00 5.120000000000000107e+00 5.129999999999999893e+00 5.139999999999999680e+00 5.150000000000000355e+00 5.160000000000000142e+00 5.169999999999999929e+00 5.179999999999999716e+00 5.190000000000000391e+00 5.200000000000000178e+00 5.209999999999999964e+00 5.219999999999999751e+00 5.230000000000000426e+00 5.240000000000000213e+00 5.250000000000000000e+00 5.259999999999999787e+00 5.270000000000000462e+00 5.280000000000000249e+00 5.290000000000000036e+00 5.299999999999999822e+00 5.310000000000000497e+00 5.320000000000000284e+00 5.330000000000000071e+00 5.339999999999999858e+00 5.350000000000000533e+00 5.360000000000000320e+00 5.370000000000000107e+00 5.379999999999999893e+00 5.389999999999999680e+00 5.400000000000000355e+00 5.410000000000000142e+00 5.419999999999999929e+00 5.429999999999999716e+00 5.440000000000000391e+00 5.450000000000000178e+00 5.459999999999999964e+00 5.469999999999999751e+00 5.480000000000000426e+00 5.490000000000000213e+00 5.500000000000000000e+00 5.509999999999999787e+00 5.520000000000000462e+00 5.530000000000000249e+00 5.540000000000000036e+00 5.549999999999999822e+00 5.560000000000000497e+00 5.570000000000000284e+00 5.580000000000000071e+00 5.589999999999999858e+00 5.600000000000000533e+00 5.610000000000000320e+00 5.620000000000000107e+00 5.629999999999999893e+00 5.639999999999999680e+00 5.650000000000000355e+00 5.660000000000000142e+00 5.669999999999999929e+00 5.679999999999999716e+00 5.690000000000000391e+00 5.700000000000000178e+00 5.709999999999999964e+00 5.719999999999999751e+00 5.730000000000000426e+00 5.740000000000000213e+00 5.750000000000000000e+00 5.759999999999999787e+00 5.770000000000000462e+00 5.780000000000000249e+00 5.790000000000000036e+00 5.799999999999999822e+00 5.810000000000000497e+00 5.820000000000000284e+00 5.830000000000000071e+00 5.839999999999999858e+00 5.850000000000000533e+00 5.860000000000000320e+00 5.870000000000000107e+00 5.879999999999999893e+00 5.889999999999999680e+00 5.900000000000000355e+00 5.910000000000000142e+00 5.919999999999999929e+00 5.929999999999999716e+00 5.940000000000000391e+00 5.950000000000000178e+00 5.959999999999999964e+00 5.969999999999999751e+00 5.980000000000000426e+00 5.990000000000000213e+00 6.000000000000000000e+00 6.009999999999999787e+00 6.020000000000000462e+00 6.030000000000000249e+00 6.040000000000000036e+00 6.049999999999999822e+00 6.060000000000000497e+00 6.070000000000000284e+00 6.080000000000000071e+00 6.089999999999999858e+00 6.100000000000000533e+00 6.110000000000000320e+00 6.120000000000000107e+00 6.129999999999999893e+00 6.140000000000000568e+00 6.150000000000000355e+00 6.160000000000000142e+00 6.169999999999999929e+00 6.179999999999999716e+00 6.190000000000000391e+00 6.200000000000000178e+00 6.209999999999999964e+00 6.219999999999999751e+00 6.230000000000000426e+00 6.240000000000000213e+00 6.250000000000000000e+00 6.259999999999999787e+00 6.270000000000000462e+00 6.280000000000000249e+00 6.290000000000000036e+00 6.299999999999999822e+00 6.310000000000000497e+00 6.320000000000000284e+00 6.330000000000000071e+00 6.339999999999999858e+00 6.350000000000000533e+00 6.360000000000000320e+00 6.370000000000000107e+00 6.379999999999999893e+00 6.390000000000000568e+00 6.400000000000000355e+00 6.410000000000000142e+00 6.419999999999999929e+00 6.429999999999999716e+00 6.440000000000000391e+00 6.450000000000000178e+00 6.459999999999999964e+00 6.469999999999999751e+00 6.480000000000000426e+00 6.490000000000000213e+00 6.500000000000000000e+00 6.509999999999999787e+00 6.520000000000000462e+00 6.530000000000000249e+00 6.540000000000000036e+00 6.549999999999999822e+00 6.560000000000000497e+00 6.570000000000000284e+00 6.580000000000000071e+00 6.589999999999999858e+00 6.600000000000000533e+00 6.610000000000000320e+00 6.620000000000000107e+00 6.629999999999999893e+00 6.640000000000000568e+00 6.650000000000000355e+00 6.660000000000000142e+00 6.669999999999999929e+00 6.679999999999999716e+00 6.690000000000000391e+00 6.700000000000000178e+00 6.709999999999999964e+00 6.719999999999999751e+00 6.730000000000000426e+00 6.740000000000000213e+00 6.750000000000000000e+00 6.759999999999999787e+00 6.770000000000000462e+00 6.780000000000000249e+00 6.790000000000000036e+00 6.799999999999999822e+00 6.810000000000000497e+00 6.820000000000000284e+00 6.830000000000000071e+00 6.839999999999999858e+00 6.850000000000000533e+00 6.860000000000000320e+00 6.870000000000000107e+00 6.879999999999999893e+00 6.890000000000000568e+00 6.900000000000000355e+00 6.910000000000000142e+00 6.919999999999999929e+00 6.929999999999999716e+00 6.940000000000000391e+00 6.950000000000000178e+00 6.959999999999999964e+00 6.969999999999999751e+00 6.980000000000000426e+00 6.990000000000000213e+00 7.000000000000000000e+00 7.009999999999999787e+00 7.020000000000000462e+00 7.030000000000000249e+00 7.040000000000000036e+00 7.049999999999999822e+00 7.060000000000000497e+00 7.070000000000000284e+00 7.080000000000000071e+00 7.089999999999999858e+00 7.100000000000000533e+00 7.110000000000000320e+00 7.120000000000000107e+00 7.129999999999999893e+00 7.140000000000000568e+00 7.150000000000000355e+00 7.160000000000000142e+00 7.169999999999999929e+00 7.179999999999999716e+00 7.190000000000000391e+00 7.200000000000000178e+00 7.209999999999999964e+00 7.219999999999999751e+00 7.230000000000000426e+00 7.240000000000000213e+00 7.250000000000000000e+00 7.259999999999999787e+00 7.270000000000000462e+00 7.280000000000000249e+00 7.290000000000000036e+00 7.299999999999999822e+00 7.310000000000000497e+00 7.320000000000000284e+00 7.330000000000000071e+00 7.339999999999999858e+00 7.350000000000000533e+00 7.360000000000000320e+00 7.370000000000000107e+00 7.379999999999999893e+00 7.390000000000000568e+00 7.400000000000000355e+00 7.410000000000000142e+00 7.419999999999999929e+00 7.429999999999999716e+00 7.440000000000000391e+00 7.450000000000000178e+00 7.459999999999999964e+00 7.469999999999999751e+00 7.480000000000000426e+00 7.490000000000000213e+00 7.500000000000000000e+00 7.509999999999999787e+00 7.520000000000000462e+00 7.530000000000000249e+00 7.540000000000000036e+00 7.549999999999999822e+00 7.560000000000000497e+00 7.570000000000000284e+00 7.580000000000000071e+00 7.589999999999999858e+00 7.600000000000000533e+00 7.610000000000000320e+00 7.620000000000000107e+00 7.629999999999999893e+00 7.640000000000000568e+00 7.650000000000000355e+00 7.660000000000000142e+00 7.669999999999999929e+00 7.679999999999999716e+00 7.690000000000000391e+00 7.700000000000000178e+00 7.709999999999999964e+00 7.719999999999999751e+00 7.730000000000000426e+00 7.740000000000000213e+00 7.750000000000000000e+00 7.759999999999999787e+00 7.770000000000000462e+00 7.780000000000000249e+00 7.790000000000000036e+00 7.799999999999999822e+00 7.810000000000000497e+00 7.820000000000000284e+00 7.830000000000000071e+00 7.839999999999999858e+00 7.850000000000000533e+00 7.860000000000000320e+00 7.870000000000000107e+00 7.879999999999999893e+00 7.890000000000000568e+00 7.900000000000000355e+00 7.910000000000000142e+00 7.919999999999999929e+00 7.930000000000000604e+00 7.940000000000000391e+00 7.950000000000000178e+00 7.959999999999999964e+00 7.969999999999999751e+00 7.980000000000000426e+00 7.990000000000000213e+00 8.000000000000000000e+00 8.009999999999999787e+00 8.019999999999999574e+00 8.029999999999999361e+00 8.040000000000000924e+00 8.050000000000000711e+00 8.060000000000000497e+00 8.070000000000000284e+00 8.080000000000000071e+00 8.089999999999999858e+00 8.099999999999999645e+00 8.109999999999999432e+00 8.120000000000000995e+00 8.130000000000000782e+00 8.140000000000000568e+00 8.150000000000000355e+00 8.160000000000000142e+00 8.169999999999999929e+00 8.179999999999999716e+00 8.189999999999999503e+00 8.199999999999999289e+00 8.210000000000000853e+00 8.220000000000000639e+00 8.230000000000000426e+00 8.240000000000000213e+00 8.250000000000000000e+00 8.259999999999999787e+00 8.269999999999999574e+00 8.279999999999999361e+00 8.290000000000000924e+00 8.300000000000000711e+00 8.310000000000000497e+00 8.320000000000000284e+00 8.330000000000000071e+00 8.339999999999999858e+00 8.349999999999999645e+00 8.359999999999999432e+00 8.370000000000000995e+00 8.380000000000000782e+00 8.390000000000000568e+00 8.400000000000000355e+00 8.410000000000000142e+00 8.419999999999999929e+00 8.429999999999999716e+00 8.439999999999999503e+00 8.449999999999999289e+00 8.460000000000000853e+00 8.470000000000000639e+00 8.480000000000000426e+00 8.490000000000000213e+00 8.500000000000000000e+00 8.509999999999999787e+00 8.519999999999999574e+00 8.529999999999999361e+00 8.540000000000000924e+00 8.550000000000000711e+00 8.560000000000000497e+00 8.570000000000000284e+00 8.580000000000000071e+00 8.589999999999999858e+00 8.599999999999999645e+00 8.609999999999999432e+00 8.620000000000000995e+00 8.630000000000000782e+00 8.640000000000000568e+00 8.650000000000000355e+00 8.660000000000000142e+00 8.669999999999999929e+00 8.679999999999999716e+00 8.689999999999999503e+00 8.700000000000001066e+00 8.710000000000000853e+00 8.720000000000000639e+00 8.730000000000000426e+00 8.740000000000000213e+00 8.750000000000000000e+00 8.759999999999999787e+00 8.769999999999999574e+00 8.779999999999999361e+00 8.790000000000000924e+00 8.800000000000000711e+00 8.810000000000000497e+00 8.820000000000000284e+00 8.830000000000000071e+00 8.839999999999999858e+00 8.849999999999999645e+00 8.859999999999999432e+00 8.870000000000000995e+00 8.880000000000000782e+00 8.890000000000000568e+00 8.900000000000000355e+00 8.910000000000000142e+00 8.919999999999999929e+00 8.929999999999999716e+00 8.939999999999999503e+00 8.950000000000001066e+00 8.960000000000000853e+00 8.970000000000000639e+00 8.980000000000000426e+00 8.990000000000000213e+00 9.000000000000000000e+00 9.009999999999999787e+00 9.019999999999999574e+00 9.029999999999999361e+00 9.040000000000000924e+00 9.050000000000000711e+00 9.060000000000000497e+00 9.070000000000000284e+00 9.080000000000000071e+00 9.089999999999999858e+00 9.099999999999999645e+00 9.109999999999999432e+00 9.120000000000000995e+00 9.130000000000000782e+00 9.140000000000000568e+00 9.150000000000000355e+00 9.160000000000000142e+00 9.169999999999999929e+00 9.179999999999999716e+00 9.189999999999999503e+00 9.200000000000001066e+00 9.210000000000000853e+00 9.220000000000000639e+00 9.230000000000000426e+00 9.240000000000000213e+00 9.250000000000000000e+00 9.259999999999999787e+00 9.269999999999999574e+00 9.279999999999999361e+00 9.290000000000000924e+00 9.300000000000000711e+00 9.310000000000000497e+00 9.320000000000000284e+00 9.330000000000000071e+00 9.339999999999999858e+00 9.349999999999999645e+00 9.359999999999999432e+00 9.370000000000000995e+00 9.380000000000000782e+00 9.390000000000000568e+00 9.400000000000000355e+00 9.410000000000000142e+00 9.419999999999999929e+00 9.429999999999999716e+00 9.439999999999999503e+00 9.450000000000001066e+00 9.460000000000000853e+00 9.470000000000000639e+00 9.480000000000000426e+00 9.490000000000000213e+00 9.500000000000000000e+00 9.509999999999999787e+00 9.519999999999999574e+00 9.529999999999999361e+00 9.540000000000000924e+00 9.550000000000000711e+00 9.560000000000000497e+00 9.570000000000000284e+00 9.580000000000000071e+00 9.589999999999999858e+00 9.599999999999999645e+00 9.609999999999999432e+00 9.620000000000000995e+00 9.630000000000000782e+00 9.640000000000000568e+00 9.650000000000000355e+00 9.660000000000000142e+00 9.669999999999999929e+00 9.679999999999999716e+00 9.689999999999999503e+00 9.700000000000001066e+00 9.710000000000000853e+00 9.720000000000000639e+00 9.730000000000000426e+00 9.740000000000000213e+00 9.750000000000000000e+00 9.759999999999999787e+00 9.769999999999999574e+00 9.779999999999999361e+00 9.790000000000000924e+00 9.800000000000000711e+00 9.810000000000000497e+00 9.820000000000000284e+00 9.830000000000000071e+00 9.839999999999999858e+00 9.849999999999999645e+00 9.859999999999999432e+00 9.870000000000000995e+00 9.880000000000000782e+00 9.890000000000000568e+00 9.900000000000000355e+00 9.910000000000000142e+00 9.919999999999999929e+00 9.929999999999999716e+00 9.939999999999999503e+00 9.950000000000001066e+00 9.960000000000000853e+00 9.970000000000000639e+00 9.980000000000000426e+00 9.990000000000000213e+00 1.000000000000000000e+01
0.000000000000000000e+00 4.446561567073155710e-03 8.892362513432177859e-03 1.333664250309784215e-02 1.777864182507962049e-02 2.221760170537555312e-02 2.665276461837111019e-02 3.108337459743786696e-02 3.550867754453273378e-02 3.992792153860008630e-02 4.434035714257984068e-02 4.874523770882573798e-02 5.314181968273903184e-02 5.752936290442541012e-02 6.190713090818351222e-02 6.627439121963582536e-02 7.063041565031447089e-02 7.497448058951709793e-02 7.930586729324981543e-02 8.362386217007666822e-02 8.792775706369795885e-02 9.221684953208304780e-02 9.649044312298439563e-02 1.007478476456649674e-01 1.049883794386728408e-01 1.092113616334996345e-01 1.134161244139655772e-01 1.176020052711740371e-01 1.217683492538845363e-01 1.259145092141565891e-01 1.300398460481199947e-01 1.341437289317313486e-01 1.382255355513819228e-01 1.422846523292252419e-01 1.463204746430962488e-01 1.503324070409005064e-01 1.543198634493546939e-01 1.582822673769667954e-01 1.622190521111419315e-01 1.661296609093181886e-01 1.700135471840246437e-01 1.738701746817740146e-01 1.776990176556965118e-01 1.814995610318329289e-01 1.852713005690079795e-01 1.890137430122068030e-01 1.927264062393910793e-01 1.964088194016853917e-01 2.000605230568812953e-01 2.036810692962001679e-01 2.072700218642715975e-01 2.108269562722821788e-01 2.143514599042598001e-01 2.178431321164565893e-01 2.213015843298127006e-01 2.247264401154679958e-01 2.281173352733171233e-01 2.314739179035885941e-01 2.347958484714474103e-01 2.380827998646170007e-01 2.413344574440319523e-01 2.445505190875205126e-01 2.477306952265461992e-01 2.508747088760135413e-01 2.539822956571782253e-01 2.570532038136790765e-01 2.600871942207354515e-01 2.630840403875452371e-01 2.660435284529319988e-01 2.689654571742879363e-01 2.718496379098666593e-01 2.746958945944881214e-01 2.775040637087132223e-01 2.802739942415609087e-01 2.830055476468372189e-01 2.856985977931509879e-01 2.883530309077008136e-01 2.909687455139117196e-01 2.935456523630157744e-01 2.960836743596622078e-01 2.985827464816588894e-01 3.010428156939407573e-01 3.034638408568677281e-01 3.058457926289609441e-01 3.081886533641829962e-01 3.104924170038810272e-01 3.127570889634971318e-01 3.149826860141778373e-01 3.171692361593949627e-01 3.193167785067039244e-01 3.214253631347641638e-01 3.234950509557569798e-01 3.255259135733247766e-01 3.275180331361648989e-01 3.294715021874229377e-01 3.313864235100043576e-01 3.332629099679667029e-01 3.351010843441096232e-01 3.369010791739232014e-01 3.386630365760233685e-01 3.403871080792324477e-01 3.420734544464368310e-01 3.437222454953782202e-01 3.453336599165228726e-01 3.469078850881531229e-01 3.484451168888385575e-01 3.499455595074227321e-01 3.514094252506898552e-01 3.528369343488473309e-01 3.542283147589833092e-01 3.555838019666445193e-01 3.569036387856834858e-01 3.581880751565255649e-01 3.594373679430019064e-01 3.606517807279021604e-01 3.618315836073857095e-01 3.629770529844045801e-01 3.640884713612823065e-01 3.651661271315898571e-01 3.662103143714673936e-01 3.672213326305310832e-01 3.681994867225048540e-01 3.691450865157200334e-01 3.700584467236183173e-01 3.709398866953951268e-01 3.717897302069181897e-01 3.726083052520545169e-01 3.733959438345359483e-01 3.741529817604910546e-01 3.748797584317757892e-01 3.755766166402205730e-01 3.762439023629198243e-01 3.768819645586848899e-01 3.774911549657777865e-01 3.780718279010385485e-01 3.786243400605229792e-01 3.791490503217604391e-01 3.796463195477341457e-01 3.801165103926986699e-01 3.805599871099292764e-01 3.809771153615021944e-01 3.813682620302112358e-01 3.817337950337028052e-01 3.820740831409306093e-01 3.823894957910096148e-01 3.826804029145618458e-01 3.829471747576266294e-01 3.831901817082278283e-01 3.834097941256560671e-01 3.836063821725560485e-01 3.837803156498764690e-01 3.839319638347531427e-01 3.840616953213920604e-01 3.841698778650027846e-01 3.842568782288526830e-01 3.843230620344815218e-01 3.843687936151385376e-01 3.843944358724806221e-01 3.844003501365855779e-01 3.843868960293075898e-01 3.843544313310283678e-01 3.843033118508245027e-01 3.842338913000976630e-01 3.841465211696767912e-01 3.840415506104373766e-01 3.839193263174474624e-01 3.837801924176633683e-01 3.836244903611916723e-01 3.834525588161296628e-01 3.832647335669961963e-01 3.830613474167576249e-01 3.828427300924554522e-01 3.826092081544338885e-01 3.823611049091744651e-01 3.820987403257213866e-01 3.818224309556970675e-01 3.815324898569051881e-01 3.812292265204928476e-01 3.809129468016729803e-01 3.805839528539818328e-01 3.802425430670487438e-01 3.798890120078655119e-01 3.795236503655238791e-01 3.791467448993934841e-01 3.787585783907151948e-01 3.783594295975765687e-01 3.779495732132333585e-01 3.775292798277483652e-01 3.770988158928985645e-01 3.766584436903235855e-01 3.762084213028645818e-01 3.757490025890528607e-01 3.752804371607085798e-01 3.748029703635909482e-01 3.743168432610602392e-01 3.738222926207031560e-01 3.733195509038623738e-01 3.728088462580199658e-01 3.722904025119856408e-01 3.717644391738259557e-01 3.712311714314840971e-01 3.706908101560289492e-01 3.701435619074740502e-01 3.695896289431079285e-01 3.690292092282743130e-01 3.684624964495415433e-01 3.678896800301913461e-01 3.673109451479752430e-01 3.667264727550674230e-01 3.661364396001456911e-01 3.655410182525428708e-01 3.649403771284017162e-01 3.643346805187607229e-01 3.637240886195116096e-01 3.631087575631599673e-01 3.624888394523176349e-01 3.618644823948686806e-01 3.612358305407301073e-01 3.606030241201532149e-01 3.599661994834887357e-01 3.593254891423502406e-01 3.586810218121183058e-01 3.580329224557031731e-01 3.573813123285131677e-01 3.567263090245581525e-01 3.560680265236214614e-01 3.554065752394372502e-01 3.547420620688060411e-01 3.540745904415911194e-01 3.534042603715268349e-01 3.527311685077728631e-01 3.520554081871659080e-01 3.513770694870920197e-01 3.506962392789307881e-01 3.500130012820073522e-01 3.493274361179932175e-01 3.486396213657005916e-01 3.479496316162123959e-01 3.472575385282932747e-01 3.465634108840245364e-01 3.458673146446147872e-01 3.451693130063277493e-01 3.444694664564824649e-01 3.437678328294710428e-01 3.430644673627468166e-01 3.423594227527360645e-01 3.416527492106283259e-01 3.409444945179967990e-01 3.402347040822081836e-01 3.395234209915757306e-01 3.388106860702274070e-01 3.380965379326231757e-01 3.373810130377178917e-01 3.366641457427008155e-01 3.359459683562965870e-01 3.352265111915878060e-01 3.345058026183245770e-01 3.337838691146879921e-01 3.330607353184907860e-01 3.323364240777661460e-01 3.316109565007349658e-01 3.308843520051192866e-01 3.301566283667762836e-01 3.294278017676344206e-01 3.286978868429067391e-01 3.279668967275642943e-01 3.272348431020479231e-01 3.265017362372046317e-01 3.257675850384330607e-01 3.250323970890183767e-01 3.242961786926498169e-01 3.235589349151102856e-01 3.228206696251130214e-01 3.220813855343023224e-01 3.213410842363828013e-01 3.205997662453929919e-01 3.198574310331008808e-01 3.191140770655315206e-01 3.183697018386125732e-01 3.176243019129448286e-01 3.168778729476882661e-01 3.161304097335746466e-01 3.153819062250388106e-01 3.146323555714764519e-01 3.138817501476326433e-01 3.131300815831188356e-01 3.123773407910773736e-01 3.116235179959834789e-01 3.108686027606094027e-01 3.101125840121420896e-01 3.093554500674778884e-01 3.085971886576961420e-01 3.078377869517258669e-01 3.070772315792136831e-01 3.063155086526100357e-01 3.055526037884843671e-01 3.047885021280762330e-01 3.040231883571142824e-01 3.032566467248911102e-01 3.024888610626410568e-01 3.017198148012013026e-01 3.009494909880086055e-01 3.001778723034149721e-01 2.994049410763656716e-01 2.986306792994390391e-01 2.978550686432753225e-01 2.970780904704067860e-01 2.962997258485111085e-01 2.955199555631042863e-01 2.947387601296913573e-01 2.939561198053942115e-01 2.931720146000730276e-01 2.923864242869644303e-01 2.915993284128502450e-01 2.908107063077761123e-01 2.900205370943423344e-01 2.892287996965849373e-01 2.884354728484556096e-01 2.876405351019349910e-01 2.868439648347854143e-01 2.860457402579650865e-01 2.852458394227206373e-01 2.844442402273781312e-01 2.836409204238451998e-01 2.828358576238444444e-01 2.820290293048967611e-01 2.812204128160626371e-01 2.804099853834669531e-01 2.795977241156188398e-01 2.787836060085396306e-01 2.779676079507133468e-01 2.771497067278833604e-01 2.763298790276943473e-01 2.755081014442037901e-01 2.746843504822713000e-01 2.738586025618406361e-01 2.730308340221239694e-01 2.722010211256969403e-01 2.713691400625258265e-01 2.705351669539226567e-01 2.696990778564493652e-01 2.688608487657745405e-01 2.680204556204932587e-01 2.671778743059145533e-01 2.663330806578307342e-01 2.654860504662650555e-01 2.646367594792151112e-01 2.637851834063915657e-01 2.629312979229521119e-01 2.620750786732497506e-01 2.612165012745814585e-01 2.603555413209557301e-01 2.594921743868708330e-01 2.586263760311131032e-01 2.577581218005712271e-01 2.568873872340725062e-01 2.560141478662354420e-01 2.551383792313483556e-01 2.542600568672601091e-01 2.533791563192934193e-01 2.524956531441741592e-01 2.516095229139717060e-01 2.507207412200568308e-01 2.498292836770617531e-01 2.489351259268476335e-01 2.480382436424760917e-01 2.471386125321731186e-01 2.462362083432875215e-01 2.453310068662348520e-01 2.444229839384233494e-01 2.435121154481564854e-01 2.425983773385027853e-01 2.416817456111292617e-01 2.407621963300944079e-01 2.398397056255849313e-01 2.389142496975984187e-01 2.379858048195611919e-01 2.370543473418728897e-01 2.361198536953686145e-01 2.351823003946952872e-01 2.342416640415913853e-01 2.332979213280613473e-01 2.323510490394404826e-01 2.314010240573353416e-01 2.304478233624382699e-01 2.294914240372053771e-01 2.285318032683879563e-01 2.275689383494125251e-01 2.266028066825987175e-01 2.256333857812104771e-01 2.246606532713282811e-01 2.236845868935393999e-01 2.227051645044364203e-01 2.217223640779151517e-01 2.207361637062703330e-01 2.197465416010770112e-01 2.187534760938533995e-01 2.177569456365000267e-01 2.167569288015066820e-01 2.157534042819247988e-01 2.147463508910968377e-01 2.137357475621419201e-01 2.127215733471895243e-01 2.117038074163579142e-01 2.106824290564775493e-01 2.096574176695527036e-01 2.086287527709556056e-01 2.075964139873624492e-01 2.065603810544138774e-01 2.055206338141160882e-01 2.044771522119634699e-01 2.034299162938003058e-01 2.023789062024085594e-01 2.013241021738330083e-01 2.002654845334350953e-01 1.992030336916900124e-01 1.981367301397164160e-01 1.970665544445537876e-01 1.959924872441848875e-01 1.949145092423083814e-01 1.938326012028722123e-01 1.927467439443623920e-01 1.916569183338705518e-01 1.905631052809279857e-01 1.894652857311310001e-01 1.883634406595542377e-01 1.872575510639666041e-01 1.861475979578598450e-01 1.850335623632938520e-01 1.839154253035798769e-01 1.827931677958003487e-01 1.816667708431907446e-01 1.805362154273842945e-01 1.794014825005411096e-01 1.782625529773700368e-01 1.771194077270632494e-01 1.759720275651494581e-01 1.748203932452930820e-01 1.736644854510439318e-01 1.725042847875619678e-01 1.713397717733294301e-01 1.701709268318716550e-01 1.689977302834971551e-01 1.678201623370853823e-01 1.666382030819341387e-01 1.654518324796851458e-01 1.642610303563528662e-01 1.630657763944704797e-01 1.618660501253763040e-01 1.606618309216614193e-01 1.594530979897975653e-01 1.582398303629679037e-01 1.570220068941174385e-01 1.557996062492583711e-01 1.545726069010255055e-01 1.533409871225388243e-01 1.521047249815589142e-01 1.508637983349867262e-01 1.496181848237118917e-01 1.483678618678384575e-01 1.471128066623088593e-01 1.458529961729488067e-01 1.445884071329542886e-01 1.433190160398430113e-01 1.420447991528918652e-01 1.407657324910814300e-01 1.394817918315728322e-01 1.381929527087304432e-01 1.368991904137193683e-01 1.356004799946945172e-01 1.342967962576004093e-01 1.329881137676076075e-01 1.316744068511958854e-01 1.303556495989133535e-01 1.290318158688246453e-01 1.277028792906662880e-01 1.263688132707296019e-01 1.250295909974880881e-01 1.236851854479839724e-01 1.223355693949912670e-01 1.209807154149712266e-01 1.196205958968350747e-01 1.182551830515257696e-01 1.168844489224366706e-01 1.155083653966731821e-01 1.141269042171790399e-01 1.127400369957259202e-01 1.113477352267862042e-01 1.099499703022970704e-01 1.085467135273177480e-01 1.071379361365968064e-01 1.057236093120473980e-01 1.043037042011437793e-01 1.028781919362379282e-01 1.014470436548032678e-01 1.000102305206075765e-01 9.856772374581418417e-02 9.711949461401969685e-02 9.566551450421463543e-02 9.420575491567961812e-02 9.274018749380602555e-02 9.126878405683831741e-02 8.979151662353447583e-02 8.830835744174100888e-02 8.681927901786766488e-02 8.532425414726418911e-02 8.382325594547865300e-02 8.231625788039606539e-02 8.080323380523882215e-02 7.928415799241958495e-02 7.775900516823243402e-02 7.622775054836286590e-02 7.469036987420663021e-02 7.314683944997406317e-02 7.159713618056304241e-02 7.004123761018236916e-02 6.847912196170009846e-02 6.691076817670106591e-02 6.533615595621930505e-02 6.375526580213454475e-02 6.216807905919619071e-02 6.057457795765067154e-02 5.897474565644756500e-02 5.736856628699183586e-02 5.575602499741295903e-02 5.413710799731925871e-02 5.251180260300767483e-02 5.088009728309354773e-02 4.924198170452469964e-02 4.759744677894854614e-02 4.594648470939534379e-02 4.428908903723570434e-02 4.262525468938319767e-02 4.095497802569318668e-02 3.927825688652860497e-02 3.759509064044358473e-02 3.590548023194910232e-02 3.420942822931846011e-02 3.250693887238646079e-02 3.079801812030420055e-02 2.908267369920141190e-02 2.736091514971438973e-02 2.563275387433473426e-02 2.389820318453109854e-02 2.215727834760288645e-02 2.040999663321171192e-02 1.865637735955526927e-02 1.689644193912427650e-02 1.513021392400499578e-02 1.335771905067453455e-02 1.157898528424360085e-02 9.794042862097087493e-03 8.002924336886742263e-03 6.205664618825787980e-03 4.402301017238770264e-03 2.592873281317931069e-03 7.774236400393835398e-04 -1.044003158810241161e-03 -2.871359810543949644e-03 -4.704596416466056211e-03 -6.543660447799103108e-03 -8.388496710680738710e-03 -1.023904731229427836e-02 -1.209525162816050756e-02 -1.395704627064952089e-02 -1.582436505875152444e-02 -1.769713898915108163e-02 -1.957529620865261152e-02 -2.145876198799393647e-02 -2.334745869709517127e-02 -2.524130578178346990e-02 -2.714021974203198462e-02 -2.904411411175643679e-02 -3.095289944020615525e-02 -3.286648327498649380e-02 -3.478477014675365048e-02 -3.670766155561380056e-02 -3.863505595926310793e-02 -4.056684876290127251e-02 -4.250293231095562257e-02 -4.444319588063794929e-02 -4.638752567737639693e-02 -4.833580483213736900e-02 -5.028791340067829269e-02 -5.224372836474741599e-02 -5.420312363525963545e-02 -5.616597005747152316e-02 -5.813213541817556507e-02 -6.010148445493488506e-02 -6.207387886737777971e-02 -6.404917733056683660e-02 -6.602723551045924788e-02 -6.800790608147631866e-02 -6.999103874618192722e-02 -7.197648025709767194e-02 -7.396407444064866110e-02 -7.595366222325311556e-02 -7.794508165956448575e-02 -7.993816796285924120e-02 -8.193275353758326662e-02 -8.392866801404880173e-02 -8.592573828528377033e-02 -8.792378854602773963e-02 -8.992264033386994371e-02 -9.192211257252154433e-02 -9.392202161721140141e-02 -9.592218130219683225e-02 -9.792240299037188733e-02 -9.992249562496330340e-02 -1.019222657832926510e-01 -1.039215177325858858e-01 -1.059200534878161626e-01 -1.079176728715469241e-01 -1.099141735757593191e-01 -1.119093512256328776e-01 -1.139029994452540467e-01 -1.158949099252198495e-01 -1.178848724921070096e-01 -1.198726751797730139e-01 -1.218581043024499627e-01 -1.238409445295990535e-01 -1.258209789624851194e-01 -1.277979892124265215e-01 -1.297717554806840645e-01 -1.317420566399410686e-01 -1.337086703173298863e-01 -1.356713729789589262e-01 -1.376299400158858266e-01 -1.395841458314949768e-01 -1.415337639302207129e-01 -1.434785670075638675e-01 -1.454183270413494378e-01 -1.473528153841661137e-01 -1.492818028569319333e-01 -1.512050598435264182e-01 -1.531223563864265447e-01 -1.550334622832932052e-01 -1.569381471844317477e-01 -1.588361806910783269e-01 -1.607273324544350457e-01 -1.626113722753954050e-01 -1.644880702048896748e-01 -1.663571966447813244e-01 -1.682185224492522835e-01 -1.700718190266001517e-01 -1.719168584413806322e-01 -1.737534135168255223e-01 -1.755812579374632365e-01 -1.774001663518665617e-01 -1.792099144754655815e-01 -1.810102791933367872e-01 -1.828010386629122241e-01 -1.845819724165216058e-01 -1.863528614637014469e-01 -1.881134883931900592e-01 -1.898636374745465150e-01 -1.916030947593000966e-01 -1.933316481815783860e-01 -1.950490876581192912e-01 -1.967552051876078900e-01 -1.984497949492564084e-01 -2.001326534005539726e-01 -2.018035793741194683e-01 -2.034623741735751834e-01 -2.051088416683767568e-01 -2.067427883875228856e-01 -2.083640236120774814e-01 -2.099723594664283932e-01 -2.115676110082199413e-01 -2.131495963168840435e-01 -2.147181365807043774e-01 -2.162730561823509035e-01 -2.178141827828059263e-01 -2.193413474036346178e-01 -2.208543845075196244e-01 -2.223531320770067155e-01 -2.238374316913982476e-01 -2.253071286017298558e-01 -2.267620718037800798e-01 -2.282021141090463390e-01 -2.296271122136381571e-01 -2.310369267650298764e-01 -2.324314224266218476e-01 -2.338104679400587471e-01 -2.351739361852540344e-01 -2.365217042380762247e-01 -2.378536534256474322e-01 -2.391696693792133011e-01 -2.404696420845420235e-01 -2.417534659298080646e-01 -2.430210397509301457e-01 -2.442722668743206593e-01 -2.455070551570142645e-01 -2.467253170241456295e-01 -2.479269695037463472e-01 -2.491119342588292429e-01 -2.502801376167398395e-01 -2.514315105957488639e-01 -2.525659889288651705e-01 -2.536835130848509867e-01 -2.547840282864207162e-01 -2.558674845256130315e-01 -2.569338365763252363e-01 -2.579830440039877493e-01 -2.590150711723930854e-01 -2.600298872476545231e-01 -2.610274661993053913e-01 -2.620077867985286524e-01 -2.629708326135312135e-01 -2.639165920020551392e-01 -2.648450581010399763e-01 -2.657562288134474038e-01 -2.666501067922528168e-01 -2.675266994216241589e-01 -2.683860187953012177e-01 -2.692280816922009157e-01 -2.700529095492538167e-01 -2.708605284315194761e-01 -2.716509689995800225e-01 -2.724242664742636544e-01 -2.731804605987105949e-01 -2.739195955978241392e-01 -2.746417201351381010e-01 -2.753468872671365197e-01 -2.760351543950670949e-01 -2.767065832142865944e-01 -2.773612396611834230e-01 -2.779991938577217048e-01 -2.786205200536507331e-01 -2.792252965664357989e-01 -2.798136057189534176e-01 -2.803855337750069121e-01 -2.809411708727164725e-01 -2.814806109558434799e-01 -2.820039517030922260e-01 -2.825112944554713512e-01 -2.830027441417543033e-01 -2.834784092021123691e-01 -2.839384015099800651e-01 -2.843828362922205533e-01 -2.848118320476538678e-01 -2.852255104640167294e-01 -2.856239963334248344e-01 -2.860074174664026803e-01 -2.863759046045566414e-01 -2.867295913319561351e-01 -2.870686139853051988e-01 -2.873931115629668742e-01 -2.877032256329239424e-01 -2.879991002397416788e-01 -2.882808818106173954e-01 -2.885487190605825480e-01 -2.888027628969426774e-01 -2.890431663230261794e-01 -2.892700843413189005e-01 -2.894836738560657707e-01 -2.896840935754073643e-01 -2.898715039131449789e-01 -2.900460668901915784e-01 -2.902079460357974150e-01 -2.903573062886329881e-01 -2.904943138977842398e-01 -2.906191363237624614e-01 -2.907319421395844206e-01 -2.908329009320115288e-01 -2.909221832030137733e-01 -2.909999602715368505e-01 -2.910664041756476084e-01 -2.911216875751278521e-01 -2.911659836545864577e-01 -2.911994660271680080e-01 -2.912223086389205129e-01 -2.912346856738948775e-01 -2.912367714600457291e-01 -2.912287403759936666e-01 -2.912107667587248705e-01 -2.911830248122837528e-01 -2.911456885175217613e-01 -2.910989315429721169e-01 -2.910429271569004439e-01 -2.909778481405987938e-01 -2.909038667029696934e-01 -2.908211543964681622e-01 -2.907298820344446089e-01 -2.906302196099492252e-01 -2.905223362160380685e-01 -2.904063999676408936e-01 -2.902825779250289839e-01 -2.901510360189321625e-01 -2.900119389773428424e-01 -2.898654502540593536e-01 -2.897117319589901929e-01 -2.895509447902728239e-01 -2.893832479682329484e-01 -2.892087991712185002e-01 -2.890277544733407811e-01 -2.888402682841540448e-01 -2.886464932902887970e-01 -2.884465803990817756e-01 -2.882406786842092727e-01 -2.880289353333500002e-01 -2.878114955978977041e-01 -2.875885027447355746e-01 -2.873600980100920466e-01 -2.871264205554795446e-01 -2.868876074257395437e-01 -2.866437935091886713e-01 -2.863951114998836700e-01 -2.861416918619902883e-01 -2.858836627962824117e-01 -2.856211502087449561e-01 -2.853542776812993398e-01 -2.850831664446267233e-01 -2.848079353531008939e-01 -2.845287008618065383e-01 -2.842455770056402375e-01 -2.839586753804792529e-01 -2.836681051264018372e-01 -2.833739729129462481e-01 -2.830763829263795439e-01 -2.827754368589753819e-01 -2.824712339002535821e-01 -2.821638707301801219e-01 -2.818534415142867622e-01 -2.815400379006888776e-01 -2.812237490189771760e-01 -2.809046614809408426e-01 -2.805828593831027340e-01 -2.802584243110242679e-01 -2.799314353453521975e-01 -2.796019690695654702e-01 -2.792700995793869212e-01 -2.789358984938241637e-01 -2.785994349677918258e-01 -2.782607757062856013e-01 -2.779199849800545463e-01 -2.775771246427369277e-01 -2.772322541494134374e-01 -2.768854305765268142e-01 -2.765367086431341770e-01 -2.761861407334364471e-01 -2.758337769205370105e-01 -2.754796649913896500e-01 -2.751238504728817924e-01 -2.747663766590017764e-01 -2.744072846390512854e-01 -2.740466133268360527e-01 -2.736843994908051969e-01 -2.733206777850736846e-01 -2.729554807812822892e-01 -2.725888390012458640e-01 -2.722207809503382481e-01 -2.718513331515618470e-01 -2.714805201802545365e-01 -2.711083646993784901e-01 -2.707348874953450224e-01 -2.703601075143243215e-01 -2.699840418989895574e-01 -2.696067060256431280e-01 -2.692281135416850213e-01 -2.688482764033627292e-01 -2.684672049137650229e-01 -2.680849077610061859e-01 -2.677013920565571303e-01 -2.673166633736727693e-01 -2.669307257858776206e-01 -2.665435819054592925e-01 -2.661552329219241675e-01 -2.657656786403843063e-01 -2.653749175198168997e-01 -2.649829467111695647e-01 -2.645897620952622487e-01 -2.641953583204525446e-01 -2.637997288400245610e-01 -2.634028659492665958e-01 -2.630047608221926514e-01 -2.626054035478931903e-01 -2.622047831664590101e-01 -2.618028877044652480e-01 -2.613997042099744372e-01 -2.609952187870294704e-01 -2.605894166296193193e-01 -2.601822820550762638e-01 -2.597737985368909208e-01 -2.593639487369132635e-01 -2.589527145369264205e-01 -2.585400770695639450e-01 -2.581260167485550650e-01 -2.577105132982812630e-01 -2.572935457826239225e-01 -2.568750926330927165e-01 -2.564551316762163635e-01 -2.560336401601896461e-01 -2.556105947807579271e-01 -2.551859717063405530e-01 -2.547597466023773793e-01 -2.543318946548932535e-01 -2.539023905932819014e-01 -2.534712087122988344e-01 -2.530383228932652773e-01 -2.526037066244826712e-01 -2.521673330208571984e-01 -2.517291748427387121e-01 -2.512892045139792363e-01 -2.508473941392099227e-01 -2.504037155203509557e-01 -2.499581401723604823e-01 -2.495106393382224286e-01 -2.490611840032014301e-01 -2.486097449083593258e-01 -2.481562925633572503e-01 -2.477007972585504869e-01 -2.472432290763975360e-01 -2.467835579021943060e-01 -2.463217534341534398e-01 -2.458577851928467339e-01 -2.453916225300305232e-01 -2.449232346368737934e-01 -2.444525905516096442e-01 -2.439796591666333336e-01 -2.435044092350695522e-01 -2.430268093768343796e-01 -2.425468280842091873e-01 -2.420644337269634849e-01 -2.415795945570420322e-01 -2.410922787128471079e-01 -2.406024542231444130e-01 -2.401100890106137864e-01 -2.396151508950813691e-01 -2.391176075964547287e-01 -2.386174267373905589e-01 -2.381145758457261230e-01 -2.376090223567047521e-01 -2.371007336150174616e-01 -2.365896768766999059e-01 -2.360758193109073200e-01 -2.355591280015993660e-01 -2.350395699491648061e-01 -2.345171120720162261e-01 -2.339917212081814302e-01 -2.334633641169234775e-01 -2.329320074804184237e-01 -2.323976179055180502e-01 -2.318601619256268620e-01 -2.313196060027205292e-01 -2.307759165295367176e-01 -2.302290598319619852e-01 -2.296790021716410279e-01 -2.291257097488418326e-01 -2.285691487055894477e-01 -2.280092851291080636e-01 -2.274460850555813929e-01 -2.268795144742688508e-01 -2.263095393319893289e-01 -2.257361255379985165e-01 -2.251592389692838869e-01 -2.245788454762918940e-01 -2.239949108891112484e-01 -2.234074010241301200e-01 -2.228162816911803401e-01 -2.222215187011914173e-01 -2.216230778743651098e-01 -2.210209250488856803e-01 -2.204150260901806824e-01 -2.198053469007417715e-01 -2.191918534305176136e-01 -2.185745116878890781e-01 -2.179532877512325439e-01 -2.173281477810831142e-01 -2.166990580328967408e-01 -2.160659848704238051e-01 -2.154288947796903775e-01 -2.147877543835935432e-01 -2.141425304571097643e-01 -2.134931899431170288e-01 -2.128396999688248192e-01 -2.121820278628157863e-01 -2.115201411726858327e-01 -2.108540076832857990e-01 -2.101835954355463221e-01 -2.095088727458900568e-01 -2.088298082262091404e-01 -2.081463708044061223e-01 -2.074585297454772381e-01 -2.067662546731324213e-01 -2.060695155919287369e-01 -2.053682829099085505e-01 -2.046625274617147328e-01 -2.039522205321740722e-01 -2.032373338803220297e-01 -2.025178397638463246e-01 -2.017937109639335314e-01 -2.010649208104847707e-01 -2.003314432076846452e-01 -1.995932526598889756e-01 -1.988503242978112706e-01 -1.981026339049722085e-01 -1.973501579443887599e-01 -1.965928735854668430e-01 -1.958307587310720577e-01 -1.950637920447377549e-01
