# Wed Jun 30 18:48:09 2021
# Spin blind formalism, bias turned off, lead sites decoupled
# Inputs:
# - Num. leads = (4, 4)
# - Num. impurity sites = 1
# - nelecs = (9, 0)
# -vi V_leads = 1.0
# - V_imp_leads = 0.4
# - V_bias = -0.005
# - mu = 0
# - V_gate = -0.5
0.000000000000000000e+00 1.000000000000000021e-02 2.000000000000000042e-02 2.999999999999999889e-02 4.000000000000000083e-02 5.000000000000000278e-02 5.999999999999999778e-02 7.000000000000000666e-02 8.000000000000000167e-02 8.999999999999999667e-02 1.000000000000000056e-01 1.100000000000000006e-01 1.199999999999999956e-01 1.300000000000000044e-01 1.400000000000000133e-01 1.499999999999999944e-01 1.600000000000000033e-01 1.700000000000000122e-01 1.799999999999999933e-01 1.900000000000000022e-01 2.000000000000000111e-01 2.099999999999999922e-01 2.200000000000000011e-01 2.300000000000000100e-01 2.399999999999999911e-01 2.500000000000000000e-01 2.600000000000000089e-01 2.700000000000000178e-01 2.800000000000000266e-01 2.899999999999999800e-01 2.999999999999999889e-01 3.099999999999999978e-01 3.200000000000000067e-01 3.300000000000000155e-01 3.400000000000000244e-01 3.500000000000000333e-01 3.599999999999999867e-01 3.699999999999999956e-01 3.800000000000000044e-01 3.900000000000000133e-01 4.000000000000000222e-01 4.100000000000000311e-01 4.199999999999999845e-01 4.299999999999999933e-01 4.400000000000000022e-01 4.500000000000000111e-01 4.600000000000000200e-01 4.700000000000000289e-01 4.799999999999999822e-01 4.899999999999999911e-01 5.000000000000000000e-01 5.100000000000000089e-01 5.200000000000000178e-01 5.300000000000000266e-01 5.400000000000000355e-01 5.500000000000000444e-01 5.600000000000000533e-01 5.700000000000000622e-01 5.799999999999999600e-01 5.899999999999999689e-01 5.999999999999999778e-01 6.099999999999999867e-01 6.199999999999999956e-01 6.300000000000000044e-01 6.400000000000000133e-01 6.500000000000000222e-01 6.600000000000000311e-01 6.700000000000000400e-01 6.800000000000000488e-01 6.900000000000000577e-01 7.000000000000000666e-01 7.099999999999999645e-01 7.199999999999999734e-01 7.299999999999999822e-01 7.399999999999999911e-01 7.500000000000000000e-01 7.600000000000000089e-01 7.700000000000000178e-01 7.800000000000000266e-01 7.900000000000000355e-01 8.000000000000000444e-01 8.100000000000000533e-01 8.200000000000000622e-01 8.300000000000000711e-01 8.399999999999999689e-01 8.499999999999999778e-01 8.599999999999999867e-01 8.699999999999999956e-01 8.800000000000000044e-01 8.900000000000000133e-01 9.000000000000000222e-01 9.100000000000000311e-01 9.200000000000000400e-01 9.300000000000000488e-01 9.400000000000000577e-01 9.500000000000000666e-01 9.599999999999999645e-01 9.699999999999999734e-01 9.799999999999999822e-01 9.899999999999999911e-01 1.000000000000000000e+00 1.010000000000000009e+00 1.020000000000000018e+00 1.030000000000000027e+00 1.040000000000000036e+00 1.050000000000000044e+00 1.060000000000000053e+00 1.070000000000000062e+00 1.080000000000000071e+00 1.090000000000000080e+00 1.100000000000000089e+00 1.110000000000000098e+00 1.120000000000000107e+00 1.130000000000000115e+00 1.140000000000000124e+00 1.150000000000000133e+00 1.159999999999999920e+00 1.169999999999999929e+00 1.179999999999999938e+00 1.189999999999999947e+00 1.199999999999999956e+00 1.209999999999999964e+00 1.219999999999999973e+00 1.229999999999999982e+00 1.239999999999999991e+00 1.250000000000000000e+00 1.260000000000000009e+00 1.270000000000000018e+00 1.280000000000000027e+00 1.290000000000000036e+00 1.300000000000000044e+00 1.310000000000000053e+00 1.320000000000000062e+00 1.330000000000000071e+00 1.340000000000000080e+00 1.350000000000000089e+00 1.360000000000000098e+00 1.370000000000000107e+00 1.380000000000000115e+00 1.390000000000000124e+00 1.400000000000000133e+00 1.409999999999999920e+00 1.419999999999999929e+00 1.429999999999999938e+00 1.439999999999999947e+00 1.449999999999999956e+00 1.459999999999999964e+00 1.469999999999999973e+00 1.479999999999999982e+00 1.489999999999999991e+00 1.500000000000000000e+00 1.510000000000000009e+00 1.520000000000000018e+00 1.530000000000000027e+00 1.540000000000000036e+00 1.550000000000000044e+00 1.560000000000000053e+00 1.570000000000000062e+00 1.580000000000000071e+00 1.590000000000000080e+00 1.600000000000000089e+00 1.610000000000000098e+00 1.620000000000000107e+00 1.630000000000000115e+00 1.640000000000000124e+00 1.650000000000000133e+00 1.660000000000000142e+00 1.669999999999999929e+00 1.679999999999999938e+00 1.689999999999999947e+00 1.699999999999999956e+00 1.709999999999999964e+00 1.719999999999999973e+00 1.729999999999999982e+00 1.739999999999999991e+00 1.750000000000000000e+00 1.760000000000000009e+00 1.770000000000000018e+00 1.780000000000000027e+00 1.790000000000000036e+00 1.800000000000000044e+00 1.810000000000000053e+00 1.820000000000000062e+00 1.830000000000000071e+00 1.840000000000000080e+00 1.850000000000000089e+00 1.860000000000000098e+00 1.870000000000000107e+00 1.880000000000000115e+00 1.890000000000000124e+00 1.900000000000000133e+00 1.910000000000000142e+00 1.919999999999999929e+00 1.929999999999999938e+00 1.939999999999999947e+00 1.949999999999999956e+00 1.959999999999999964e+00 1.969999999999999973e+00 1.979999999999999982e+00 1.989999999999999991e+00 2.000000000000000000e+00 2.010000000000000231e+00 2.020000000000000018e+00 2.030000000000000249e+00 2.040000000000000036e+00 2.049999999999999822e+00 2.060000000000000053e+00 2.069999999999999840e+00 2.080000000000000071e+00 2.089999999999999858e+00 2.100000000000000089e+00 2.109999999999999876e+00 2.120000000000000107e+00 2.129999999999999893e+00 2.140000000000000124e+00 2.149999999999999911e+00 2.160000000000000142e+00 2.169999999999999929e+00 2.180000000000000160e+00 2.189999999999999947e+00 2.200000000000000178e+00 2.209999999999999964e+00 2.220000000000000195e+00 2.229999999999999982e+00 2.240000000000000213e+00 2.250000000000000000e+00 2.260000000000000231e+00 2.270000000000000018e+00 2.280000000000000249e+00 2.290000000000000036e+00 2.300000000000000266e+00 2.310000000000000053e+00 2.319999999999999840e+00 2.330000000000000071e+00 2.339999999999999858e+00 2.350000000000000089e+00 2.359999999999999876e+00 2.370000000000000107e+00 2.379999999999999893e+00 2.390000000000000124e+00 2.399999999999999911e+00 2.410000000000000142e+00 2.419999999999999929e+00 2.430000000000000160e+00 2.439999999999999947e+00 2.450000000000000178e+00 2.459999999999999964e+00 2.470000000000000195e+00 2.479999999999999982e+00 2.490000000000000213e+00 2.500000000000000000e+00 2.510000000000000231e+00 2.520000000000000018e+00 2.530000000000000249e+00 2.540000000000000036e+00 2.550000000000000266e+00 2.560000000000000053e+00 2.569999999999999840e+00 2.580000000000000071e+00 2.589999999999999858e+00 2.600000000000000089e+00 2.609999999999999876e+00 2.620000000000000107e+00 2.629999999999999893e+00 2.640000000000000124e+00 2.649999999999999911e+00 2.660000000000000142e+00 2.669999999999999929e+00 2.680000000000000160e+00 2.689999999999999947e+00 2.700000000000000178e+00 2.709999999999999964e+00 2.720000000000000195e+00 2.729999999999999982e+00 2.740000000000000213e+00 2.750000000000000000e+00 2.760000000000000231e+00 2.770000000000000018e+00 2.780000000000000249e+00 2.790000000000000036e+00 2.800000000000000266e+00 2.810000000000000053e+00 2.819999999999999840e+00 2.830000000000000071e+00 2.839999999999999858e+00 2.850000000000000089e+00 2.859999999999999876e+00 2.870000000000000107e+00 2.879999999999999893e+00 2.890000000000000124e+00 2.899999999999999911e+00 2.910000000000000142e+00 2.919999999999999929e+00 2.930000000000000160e+00 2.939999999999999947e+00 2.950000000000000178e+00 2.959999999999999964e+00 2.970000000000000195e+00 2.979999999999999982e+00 2.990000000000000213e+00 3.000000000000000000e+00 3.010000000000000231e+00 3.020000000000000018e+00 3.030000000000000249e+00 3.040000000000000036e+00 3.050000000000000266e+00 3.060000000000000053e+00 3.070000000000000284e+00 3.080000000000000071e+00 3.089999999999999858e+00 3.100000000000000089e+00 3.109999999999999876e+00 3.120000000000000107e+00 3.129999999999999893e+00 3.140000000000000124e+00 3.149999999999999911e+00 3.160000000000000142e+00 3.169999999999999929e+00 3.180000000000000160e+00 3.189999999999999947e+00 3.200000000000000178e+00 3.209999999999999964e+00 3.220000000000000195e+00 3.229999999999999982e+00 3.240000000000000213e+00 3.250000000000000000e+00 3.260000000000000231e+00 3.270000000000000018e+00 3.280000000000000249e+00 3.290000000000000036e+00 3.300000000000000266e+00 3.310000000000000053e+00 3.320000000000000284e+00 3.330000000000000071e+00 3.339999999999999858e+00 3.350000000000000089e+00 3.359999999999999876e+00 3.370000000000000107e+00 3.379999999999999893e+00 3.390000000000000124e+00 3.399999999999999911e+00 3.410000000000000142e+00 3.419999999999999929e+00 3.430000000000000160e+00 3.439999999999999947e+00 3.450000000000000178e+00 3.459999999999999964e+00 3.470000000000000195e+00 3.479999999999999982e+00 3.490000000000000213e+00 3.500000000000000000e+00 3.510000000000000231e+00 3.520000000000000018e+00 3.530000000000000249e+00 3.540000000000000036e+00 3.550000000000000266e+00 3.560000000000000053e+00 3.570000000000000284e+00 3.580000000000000071e+00 3.589999999999999858e+00 3.600000000000000089e+00 3.609999999999999876e+00 3.620000000000000107e+00 3.629999999999999893e+00 3.640000000000000124e+00 3.649999999999999911e+00 3.660000000000000142e+00 3.669999999999999929e+00 3.680000000000000160e+00 3.689999999999999947e+00 3.700000000000000178e+00 3.709999999999999964e+00 3.720000000000000195e+00 3.729999999999999982e+00 3.740000000000000213e+00 3.750000000000000000e+00 3.760000000000000231e+00 3.770000000000000018e+00 3.780000000000000249e+00 3.790000000000000036e+00 3.800000000000000266e+00 3.810000000000000053e+00 3.820000000000000284e+00 3.830000000000000071e+00 3.839999999999999858e+00 3.850000000000000089e+00 3.859999999999999876e+00 3.870000000000000107e+00 3.879999999999999893e+00 3.890000000000000124e+00 3.899999999999999911e+00 3.910000000000000142e+00 3.919999999999999929e+00 3.930000000000000160e+00 3.939999999999999947e+00 3.950000000000000178e+00 3.959999999999999964e+00 3.970000000000000195e+00 3.979999999999999982e+00 3.990000000000000213e+00 4.000000000000000000e+00 4.009999999999999787e+00 4.020000000000000462e+00 4.030000000000000249e+00 4.040000000000000036e+00 4.049999999999999822e+00 4.060000000000000497e+00 4.070000000000000284e+00 4.080000000000000071e+00 4.089999999999999858e+00 4.099999999999999645e+00 4.110000000000000320e+00 4.120000000000000107e+00 4.129999999999999893e+00 4.139999999999999680e+00 4.150000000000000355e+00 4.160000000000000142e+00 4.169999999999999929e+00 4.179999999999999716e+00 4.190000000000000391e+00 4.200000000000000178e+00 4.209999999999999964e+00 4.219999999999999751e+00 4.230000000000000426e+00 4.240000000000000213e+00 4.250000000000000000e+00 4.259999999999999787e+00 4.270000000000000462e+00 4.280000000000000249e+00 4.290000000000000036e+00 4.299999999999999822e+00 4.310000000000000497e+00 4.320000000000000284e+00 4.330000000000000071e+00 4.339999999999999858e+00 4.350000000000000533e+00 4.360000000000000320e+00 4.370000000000000107e+00 4.379999999999999893e+00 4.389999999999999680e+00 4.400000000000000355e+00 4.410000000000000142e+00 4.419999999999999929e+00 4.429999999999999716e+00 4.440000000000000391e+00 4.450000000000000178e+00 4.459999999999999964e+00 4.469999999999999751e+00 4.480000000000000426e+00 4.490000000000000213e+00 4.500000000000000000e+00 4.509999999999999787e+00 4.520000000000000462e+00 4.530000000000000249e+00 4.540000000000000036e+00 4.549999999999999822e+00 4.560000000000000497e+00 4.570000000000000284e+00 4.580000000000000071e+00 4.589999999999999858e+00 4.600000000000000533e+00 4.610000000000000320e+00 4.620000000000000107e+00 4.629999999999999893e+00 4.639999999999999680e+00 4.650000000000000355e+00 4.660000000000000142e+00 4.669999999999999929e+00 4.679999999999999716e+00 4.690000000000000391e+00 4.700000000000000178e+00 4.709999999999999964e+00 4.719999999999999751e+00 4.730000000000000426e+00 4.740000000000000213e+00 4.750000000000000000e+00 4.759999999999999787e+00 4.770000000000000462e+00 4.780000000000000249e+00 4.790000000000000036e+00 4.799999999999999822e+00 4.810000000000000497e+00 4.820000000000000284e+00 4.830000000000000071e+00 4.839999999999999858e+00 4.850000000000000533e+00 4.860000000000000320e+00 4.870000000000000107e+00 4.879999999999999893e+00 4.889999999999999680e+00 4.900000000000000355e+00 4.910000000000000142e+00 4.919999999999999929e+00 4.929999999999999716e+00 4.940000000000000391e+00 4.950000000000000178e+00 4.959999999999999964e+00 4.969999999999999751e+00 4.980000000000000426e+00 4.990000000000000213e+00 5.000000000000000000e+00 5.009999999999999787e+00 5.020000000000000462e+00 5.030000000000000249e+00 5.040000000000000036e+00 5.049999999999999822e+00 5.060000000000000497e+00 5.070000000000000284e+00 5.080000000000000071e+00 5.089999999999999858e+00 5.100000000000000533e+00 5.110000000000000320e+00 5.120000000000000107e+00 5.129999999999999893e+00 5.139999999999999680e+00 5.150000000000000355e+00 5.160000000000000142e+00 5.169999999999999929e+00 5.179999999999999716e+00 5.190000000000000391e+00 5.200000000000000178e+00 5.209999999999999964e+00 5.219999999999999751e+00 5.230000000000000426e+00 5.240000000000000213e+00 5.250000000000000000e+00 5.259999999999999787e+00 5.270000000000000462e+00 5.280000000000000249e+00 5.290000000000000036e+00 5.299999999999999822e+00 5.310000000000000497e+00 5.320000000000000284e+00 5.330000000000000071e+00 5.339999999999999858e+00 5.350000000000000533e+00 5.360000000000000320e+00 5.370000000000000107e+00 5.379999999999999893e+00 5.389999999999999680e+00 5.400000000000000355e+00 5.410000000000000142e+00 5.419999999999999929e+00 5.429999999999999716e+00 5.440000000000000391e+00 5.450000000000000178e+00 5.459999999999999964e+00 5.469999999999999751e+00 5.480000000000000426e+00 5.490000000000000213e+00 5.500000000000000000e+00 5.509999999999999787e+00 5.520000000000000462e+00 5.530000000000000249e+00 5.540000000000000036e+00 5.549999999999999822e+00 5.560000000000000497e+00 5.570000000000000284e+00 5.580000000000000071e+00 5.589999999999999858e+00 5.600000000000000533e+00 5.610000000000000320e+00 5.620000000000000107e+00 5.629999999999999893e+00 5.639999999999999680e+00 5.650000000000000355e+00 5.660000000000000142e+00 5.669999999999999929e+00 5.679999999999999716e+00 5.690000000000000391e+00 5.700000000000000178e+00 5.709999999999999964e+00 5.719999999999999751e+00 5.730000000000000426e+00 5.740000000000000213e+00 5.750000000000000000e+00 5.759999999999999787e+00 5.770000000000000462e+00 5.780000000000000249e+00 5.790000000000000036e+00 5.799999999999999822e+00 5.810000000000000497e+00 5.820000000000000284e+00 5.830000000000000071e+00 5.839999999999999858e+00 5.850000000000000533e+00 5.860000000000000320e+00 5.870000000000000107e+00 5.879999999999999893e+00 5.889999999999999680e+00 5.900000000000000355e+00 5.910000000000000142e+00 5.919999999999999929e+00 5.929999999999999716e+00 5.940000000000000391e+00 5.950000000000000178e+00 5.959999999999999964e+00 5.969999999999999751e+00 5.980000000000000426e+00 5.990000000000000213e+00 6.000000000000000000e+00 6.009999999999999787e+00 6.020000000000000462e+00 6.030000000000000249e+00 6.040000000000000036e+00 6.049999999999999822e+00 6.060000000000000497e+00 6.070000000000000284e+00 6.080000000000000071e+00 6.089999999999999858e+00 6.100000000000000533e+00 6.110000000000000320e+00 6.120000000000000107e+00 6.129999999999999893e+00 6.140000000000000568e+00 6.150000000000000355e+00 6.160000000000000142e+00 6.169999999999999929e+00 6.179999999999999716e+00 6.190000000000000391e+00 6.200000000000000178e+00 6.209999999999999964e+00 6.219999999999999751e+00 6.230000000000000426e+00 6.240000000000000213e+00 6.250000000000000000e+00 6.259999999999999787e+00 6.270000000000000462e+00 6.280000000000000249e+00 6.290000000000000036e+00 6.299999999999999822e+00 6.310000000000000497e+00 6.320000000000000284e+00 6.330000000000000071e+00 6.339999999999999858e+00 6.350000000000000533e+00 6.360000000000000320e+00 6.370000000000000107e+00 6.379999999999999893e+00 6.390000000000000568e+00 6.400000000000000355e+00 6.410000000000000142e+00 6.419999999999999929e+00 6.429999999999999716e+00 6.440000000000000391e+00 6.450000000000000178e+00 6.459999999999999964e+00 6.469999999999999751e+00 6.480000000000000426e+00 6.490000000000000213e+00 6.500000000000000000e+00 6.509999999999999787e+00 6.520000000000000462e+00 6.530000000000000249e+00 6.540000000000000036e+00 6.549999999999999822e+00 6.560000000000000497e+00 6.570000000000000284e+00 6.580000000000000071e+00 6.589999999999999858e+00 6.600000000000000533e+00 6.610000000000000320e+00 6.620000000000000107e+00 6.629999999999999893e+00 6.640000000000000568e+00 6.650000000000000355e+00 6.660000000000000142e+00 6.669999999999999929e+00 6.679999999999999716e+00 6.690000000000000391e+00 6.700000000000000178e+00 6.709999999999999964e+00 6.719999999999999751e+00 6.730000000000000426e+00 6.740000000000000213e+00 6.750000000000000000e+00 6.759999999999999787e+00 6.770000000000000462e+00 6.780000000000000249e+00 6.790000000000000036e+00 6.799999999999999822e+00 6.810000000000000497e+00 6.820000000000000284e+00 6.830000000000000071e+00 6.839999999999999858e+00 6.850000000000000533e+00 6.860000000000000320e+00 6.870000000000000107e+00 6.879999999999999893e+00 6.890000000000000568e+00 6.900000000000000355e+00 6.910000000000000142e+00 6.919999999999999929e+00 6.929999999999999716e+00 6.940000000000000391e+00 6.950000000000000178e+00 6.959999999999999964e+00 6.969999999999999751e+00 6.980000000000000426e+00 6.990000000000000213e+00 7.000000000000000000e+00 7.009999999999999787e+00 7.020000000000000462e+00 7.030000000000000249e+00 7.040000000000000036e+00 7.049999999999999822e+00 7.060000000000000497e+00 7.070000000000000284e+00 7.080000000000000071e+00 7.089999999999999858e+00 7.100000000000000533e+00 7.110000000000000320e+00 7.120000000000000107e+00 7.129999999999999893e+00 7.140000000000000568e+00 7.150000000000000355e+00 7.160000000000000142e+00 7.169999999999999929e+00 7.179999999999999716e+00 7.190000000000000391e+00 7.200000000000000178e+00 7.209999999999999964e+00 7.219999999999999751e+00 7.230000000000000426e+00 7.240000000000000213e+00 7.250000000000000000e+00 7.259999999999999787e+00 7.270000000000000462e+00 7.280000000000000249e+00 7.290000000000000036e+00 7.299999999999999822e+00 7.310000000000000497e+00 7.320000000000000284e+00 7.330000000000000071e+00 7.339999999999999858e+00 7.350000000000000533e+00 7.360000000000000320e+00 7.370000000000000107e+00 7.379999999999999893e+00 7.390000000000000568e+00 7.400000000000000355e+00 7.410000000000000142e+00 7.419999999999999929e+00 7.429999999999999716e+00 7.440000000000000391e+00 7.450000000000000178e+00 7.459999999999999964e+00 7.469999999999999751e+00 7.480000000000000426e+00 7.490000000000000213e+00 7.500000000000000000e+00 7.509999999999999787e+00 7.520000000000000462e+00 7.530000000000000249e+00 7.540000000000000036e+00 7.549999999999999822e+00 7.560000000000000497e+00 7.570000000000000284e+00 7.580000000000000071e+00 7.589999999999999858e+00 7.600000000000000533e+00 7.610000000000000320e+00 7.620000000000000107e+00 7.629999999999999893e+00 7.640000000000000568e+00 7.650000000000000355e+00 7.660000000000000142e+00 7.669999999999999929e+00 7.679999999999999716e+00 7.690000000000000391e+00 7.700000000000000178e+00 7.709999999999999964e+00 7.719999999999999751e+00 7.730000000000000426e+00 7.740000000000000213e+00 7.750000000000000000e+00 7.759999999999999787e+00 7.770000000000000462e+00 7.780000000000000249e+00 7.790000000000000036e+00 7.799999999999999822e+00 7.810000000000000497e+00 7.820000000000000284e+00 7.830000000000000071e+00 7.839999999999999858e+00 7.850000000000000533e+00 7.860000000000000320e+00 7.870000000000000107e+00 7.879999999999999893e+00 7.890000000000000568e+00 7.900000000000000355e+00 7.910000000000000142e+00 7.919999999999999929e+00 7.930000000000000604e+00 7.940000000000000391e+00 7.950000000000000178e+00 7.959999999999999964e+00 7.969999999999999751e+00 7.980000000000000426e+00 7.990000000000000213e+00 8.000000000000000000e+00 8.009999999999999787e+00 8.019999999999999574e+00 8.029999999999999361e+00 8.040000000000000924e+00 8.050000000000000711e+00 8.060000000000000497e+00 8.070000000000000284e+00 8.080000000000000071e+00 8.089999999999999858e+00 8.099999999999999645e+00 8.109999999999999432e+00 8.120000000000000995e+00 8.130000000000000782e+00 8.140000000000000568e+00 8.150000000000000355e+00 8.160000000000000142e+00 8.169999999999999929e+00 8.179999999999999716e+00 8.189999999999999503e+00 8.199999999999999289e+00 8.210000000000000853e+00 8.220000000000000639e+00 8.230000000000000426e+00 8.240000000000000213e+00 8.250000000000000000e+00 8.259999999999999787e+00 8.269999999999999574e+00 8.279999999999999361e+00 8.290000000000000924e+00 8.300000000000000711e+00 8.310000000000000497e+00 8.320000000000000284e+00 8.330000000000000071e+00 8.339999999999999858e+00 8.349999999999999645e+00 8.359999999999999432e+00 8.370000000000000995e+00 8.380000000000000782e+00 8.390000000000000568e+00 8.400000000000000355e+00 8.410000000000000142e+00 8.419999999999999929e+00 8.429999999999999716e+00 8.439999999999999503e+00 8.449999999999999289e+00 8.460000000000000853e+00 8.470000000000000639e+00 8.480000000000000426e+00 8.490000000000000213e+00 8.500000000000000000e+00 8.509999999999999787e+00 8.519999999999999574e+00 8.529999999999999361e+00 8.540000000000000924e+00 8.550000000000000711e+00 8.560000000000000497e+00 8.570000000000000284e+00 8.580000000000000071e+00 8.589999999999999858e+00 8.599999999999999645e+00 8.609999999999999432e+00 8.620000000000000995e+00 8.630000000000000782e+00 8.640000000000000568e+00 8.650000000000000355e+00 8.660000000000000142e+00 8.669999999999999929e+00 8.679999999999999716e+00 8.689999999999999503e+00 8.700000000000001066e+00 8.710000000000000853e+00 8.720000000000000639e+00 8.730000000000000426e+00 8.740000000000000213e+00 8.750000000000000000e+00 8.759999999999999787e+00 8.769999999999999574e+00 8.779999999999999361e+00 8.790000000000000924e+00 8.800000000000000711e+00 8.810000000000000497e+00 8.820000000000000284e+00 8.830000000000000071e+00 8.839999999999999858e+00 8.849999999999999645e+00 8.859999999999999432e+00 8.870000000000000995e+00 8.880000000000000782e+00 8.890000000000000568e+00 8.900000000000000355e+00 8.910000000000000142e+00 8.919999999999999929e+00 8.929999999999999716e+00 8.939999999999999503e+00 8.950000000000001066e+00 8.960000000000000853e+00 8.970000000000000639e+00 8.980000000000000426e+00 8.990000000000000213e+00 9.000000000000000000e+00 9.009999999999999787e+00 9.019999999999999574e+00 9.029999999999999361e+00 9.040000000000000924e+00 9.050000000000000711e+00 9.060000000000000497e+00 9.070000000000000284e+00 9.080000000000000071e+00 9.089999999999999858e+00 9.099999999999999645e+00 9.109999999999999432e+00 9.120000000000000995e+00 9.130000000000000782e+00 9.140000000000000568e+00 9.150000000000000355e+00 9.160000000000000142e+00 9.169999999999999929e+00 9.179999999999999716e+00 9.189999999999999503e+00 9.200000000000001066e+00 9.210000000000000853e+00 9.220000000000000639e+00 9.230000000000000426e+00 9.240000000000000213e+00 9.250000000000000000e+00 9.259999999999999787e+00 9.269999999999999574e+00 9.279999999999999361e+00 9.290000000000000924e+00 9.300000000000000711e+00 9.310000000000000497e+00 9.320000000000000284e+00 9.330000000000000071e+00 9.339999999999999858e+00 9.349999999999999645e+00 9.359999999999999432e+00 9.370000000000000995e+00 9.380000000000000782e+00 9.390000000000000568e+00 9.400000000000000355e+00 9.410000000000000142e+00 9.419999999999999929e+00 9.429999999999999716e+00 9.439999999999999503e+00 9.450000000000001066e+00 9.460000000000000853e+00 9.470000000000000639e+00 9.480000000000000426e+00 9.490000000000000213e+00 9.500000000000000000e+00 9.509999999999999787e+00 9.519999999999999574e+00 9.529999999999999361e+00 9.540000000000000924e+00 9.550000000000000711e+00 9.560000000000000497e+00 9.570000000000000284e+00 9.580000000000000071e+00 9.589999999999999858e+00 9.599999999999999645e+00 9.609999999999999432e+00 9.620000000000000995e+00 9.630000000000000782e+00 9.640000000000000568e+00 9.650000000000000355e+00 9.660000000000000142e+00 9.669999999999999929e+00 9.679999999999999716e+00 9.689999999999999503e+00 9.700000000000001066e+00 9.710000000000000853e+00 9.720000000000000639e+00 9.730000000000000426e+00 9.740000000000000213e+00 9.750000000000000000e+00 9.759999999999999787e+00 9.769999999999999574e+00 9.779999999999999361e+00 9.790000000000000924e+00 9.800000000000000711e+00 9.810000000000000497e+00 9.820000000000000284e+00 9.830000000000000071e+00 9.839999999999999858e+00 9.849999999999999645e+00 9.859999999999999432e+00 9.870000000000000995e+00 9.880000000000000782e+00 9.890000000000000568e+00 9.900000000000000355e+00 9.910000000000000142e+00 9.919999999999999929e+00 9.929999999999999716e+00 9.939999999999999503e+00 9.950000000000001066e+00 9.960000000000000853e+00 9.970000000000000639e+00 9.980000000000000426e+00 9.990000000000000213e+00 1.000000000000000000e+01
0.000000000000000000e+00 4.125251900706890934e-03 8.249760137810195626e-03 1.237278129450710210e-02 1.649357248935638329e-02 2.061139164358976456e-02 2.472549774797443145e-02 2.883515112907771363e-02 3.293961371478532768e-02 3.703814929892521729e-02 4.113002380484936243e-02 4.521450554782716763e-02 4.929086549610472295e-02 5.335837753048498083e-02 5.741631870228555701e-02 6.146396948953139483e-02 6.550061405124175951e-02 6.952554047967106354e-02 7.353804105036654271e-02 7.753741246990498992e-02 8.152295612117442525e-02 8.549397830606864090e-02 8.944979048546125577e-02 9.338970951633243645e-02 9.731305788592108097e-02 1.012191639427757195e-01 1.051073621245850742e-01 1.089769931826648774e-01 1.128274044029855122e-01 1.166579498236250956e-01 1.204679904485341374e-01 1.242568944575046103e-01 1.280240374122329772e-01 1.317688024583774375e-01 1.354905805235031846e-01 1.391887705108226236e-01 1.428627794886296876e-01 1.465120228753427623e-01 1.501359246200602848e-01 1.537339173785490232e-01 1.573054426845797438e-01 1.608499511165305818e-01 1.643669024591856431e-01 1.678557658606520397e-01 1.713160199843309917e-01 1.747471531558723312e-01 1.781486635050572309e-01 1.815200591025447063e-01 1.848608580914296029e-01 1.881705888135622728e-01 1.914487899305792329e-01 1.946950105396052788e-01 1.979088102835817320e-01 2.010897594561879553e-01 2.042374391013235257e-01 2.073514411071184227e-01 2.104313682944494446e-01 2.134768344999397605e-01 2.164874646534219460e-01 2.194628948498546228e-01 2.224027724156747432e-01 2.253067559695876576e-01 2.281745154777819473e-01 2.310057323035775156e-01 2.338000992515059384e-01 2.365573206058311506e-01 2.392771121635242360e-01 2.419592012617018117e-01 2.446033267995517957e-01 2.472092392547652617e-01 2.497767006944950352e-01 2.523054847808802736e-01 2.547953767711562123e-01 2.572461735123944271e-01 2.596576834309021198e-01 2.620297265163322176e-01 2.643621343005412849e-01 2.666547498312417663e-01 2.689074276405097330e-01 2.711200337081886014e-01 2.732924454202545483e-01 2.754245515221979690e-01 2.775162520674878674e-01 2.795674583611788000e-01 2.815780928987321463e-01 2.835480893001202651e-01 2.854773922392869756e-01 2.873659573690364177e-01 2.892137512414338363e-01 2.910207512237933392e-01 2.927869454103346758e-01 2.945123325295976868e-01 2.961969218476920296e-01 2.978407330674847642e-01 2.994437962237974649e-01 3.010061515747228245e-01 3.025278494891402437e-01 3.040089503305355434e-01 3.054495243372151170e-01 3.068496514990202706e-01 3.082094214306312918e-01 3.095289332415721573e-01 3.108082954030152445e-01 3.120476256114849134e-01 3.132470506495715346e-01 3.144067062437592153e-01 3.155267369194698635e-01 3.166072958534364434e-01 3.176485447235116721e-01 3.186506535560173492e-01 3.196138005707515606e-01 3.205381720237527321e-01 3.214239620479412141e-01 3.222713724917398714e-01 3.230806127557941942e-01 3.238518996278901274e-01 3.245854571161914670e-01 3.252815162809046257e-01 3.259403150644762936e-01 3.265620981204422346e-01 3.271471166410324094e-01 3.276956281836443940e-01 3.282078964962933387e-01 3.286841913421496009e-01 3.291247883232720772e-01 3.295299687036402081e-01 3.299000192316027813e-01 3.302352319618376830e-01 3.305359040769360046e-01 3.308023377087119798e-01 3.310348397593469438e-01 3.312337217224614050e-01 3.313992995042255307e-01 3.315318932446040812e-01 3.316318271388357664e-01 3.316994292592448934e-01 3.317350313774820036e-01 3.317389687872903670e-01 3.317115801278898712e-01 3.316532072080697335e-01 3.315641948310853460e-01 3.314448906204451872e-01 3.312956448466731207e-01 3.311168102551393932e-01 3.309087418950359960e-01 3.306717969495831522e-01 3.304063345675515850e-01 3.301127156961684572e-01 3.297913029154946329e-01 3.294424602743447617e-01 3.290665531278195166e-01 3.286639479765255945e-01 3.282350123075554182e-01 3.277801144372820552e-01 3.272996233560483970e-01 3.267939085748093331e-01 3.262633399737737694e-01 3.257082876531362525e-01 3.251291217859195171e-01 3.245262124730104447e-01 3.238999296004273498e-01 3.232506426988714376e-01 3.225787208056150046e-01 3.218845323287695126e-01 3.211684449139736164e-01 3.204308253135516038e-01 3.196720392581735570e-01 3.188924513310590902e-01 3.180924248447601910e-01 3.172723217205525303e-01 3.164325023704686046e-01 3.155733255820034611e-01 3.146951484055148796e-01 3.137983260443445999e-01 3.128832117476859631e-01 3.119501567062126224e-01 3.109995099504901384e-01 3.100316182521826169e-01 3.090468260280760382e-01 3.080454752469208857e-01 3.070279053391078428e-01 3.059944531091883801e-01 3.049454526512356822e-01 3.038812352670627326e-01 3.028021293872876774e-01 3.017084604952551263e-01 3.006005510538037329e-01 2.994787204348837717e-01 2.983432848520145009e-01 2.971945572955740911e-01 2.960328474709137403e-01 2.948584617392849827e-01 2.936717030615686452e-01 2.924728709447876329e-01 2.912622613913899983e-01 2.900401668512867515e-01 2.888068761766197645e-01 2.875626745792430605e-01 2.863078435908945063e-01 2.850426610260343718e-01 2.837674009473240555e-01 2.824823336337203283e-01 2.811877255511557316e-01 2.798838393257803703e-01 2.785709337197244673e-01 2.772492636093641383e-01 2.759190799660459770e-01 2.745806298392418077e-01 2.732341563420973563e-01 2.718798986393424766e-01 2.705180919375165249e-01 2.691489674774824037e-01 2.677727525291834221e-01 2.663896703886025619e-01 2.649999403768911743e-01 2.636037778416107646e-01 2.622013941600681575e-01 2.607929967446769304e-01 2.593787890503193583e-01 2.579589705836565217e-01 2.565337369143448898e-01 2.551032796881123055e-01 2.536677866416494620e-01 2.522274416192692437e-01 2.507824245912892436e-01 2.493329116740890528e-01 2.478790751517968849e-01 2.464210834995544108e-01 2.449591014083178642e-01 2.434932898111423216e-01 2.420238059109057482e-01 2.405508032094191284e-01 2.390744315378817708e-01 2.375948370886259708e-01 2.361121624481083425e-01 2.346265466311000247e-01 2.331381251160201951e-01 2.316470298813769479e-01 2.301533894432555016e-01 2.286573288938166804e-01 2.271589699407489393e-01 2.256584309476369621e-01 2.241558269751896815e-01 2.226512698232884502e-01 2.211448680738057337e-01 2.196367271341526373e-01 2.181269492815030020e-01 2.166156337076567406e-01 2.151028765644913410e-01 2.135887710099629300e-01 2.120734072546124060e-01 2.105568726085283726e-01 2.090392515287337327e-01 2.075206256669467342e-01 2.060010739176781069e-01 2.044806724666244080e-01 2.029594948393181331e-01 2.014376119499924345e-01 1.999150921506261391e-01 1.983920012801277111e-01 1.968684027136245462e-01 1.953443574118188253e-01 1.938199239703745635e-01 1.922951586693034121e-01 1.907701155223139045e-01 1.892448463260892055e-01 1.877194007094658557e-01 1.861938261824756247e-01 1.846681681852261891e-01 1.831424701365874375e-01 1.816167734826534541e-01 1.800911177449570633e-01 1.785655405684009878e-01 1.770400777688914962e-01 1.755147633806356799e-01 1.739896297030892602e-01 1.724647073475233938e-01 1.709400252831912437e-01 1.694156108830718044e-01 1.678914899691687779e-01 1.663676868573472079e-01 1.648442244016823099e-01 1.633211240383111162e-01 1.617984058287600668e-01 1.602760885027391669e-01 1.587541895003808379e-01 1.572327250139138044e-01 1.557117100287529476e-01 1.541911583639958561e-01 1.526710827123105574e-01 1.511514946792047176e-01 1.496324048216634284e-01 1.481138226861478668e-01 1.465957568459428928e-01 1.450782149378486430e-01 1.435612036982028827e-01 1.420447289982335326e-01 1.405287958787310720e-01 1.390134085840336320e-01 1.374985705953280790e-01 1.359842846632512980e-01 1.344705528397996119e-01 1.329573765095363180e-01 1.314447564200962038e-01 1.299326927119901498e-01 1.284211849477044920e-01 1.269102321400951694e-01 1.253998327800796841e-01 1.238899848636285106e-01 1.223806859180516515e-01 1.208719330275903198e-01 1.193637228583112747e-01 1.178560516823087267e-01 1.163489154012170151e-01 1.148423095690416923e-01 1.133362294143061555e-01 1.118306698615273570e-01 1.103256255520221052e-01 1.088210908640485641e-01 1.073170599322938040e-01 1.058135266667108720e-01 1.043104847707117117e-01 1.028079277587289758e-01 1.013058489731480660e-01 9.980424160062097150e-02 9.830309868777192817e-02 9.680241315629861676e-02 9.530217781748451245e-02 9.380238538612581389e-02 9.230302849388691278e-02 9.080409970209127324e-02 8.930559151395915662e-02 8.780749638630322429e-02 8.630980674068960967e-02 8.481251497407825413e-02 8.331561346895069442e-02 8.181909460293790293e-02 8.032295075795854722e-02 7.882717432887707820e-02 7.733175773169743972e-02 7.583669341129715968e-02 7.434197384871908676e-02 7.284759156802878000e-02 7.135353914274904230e-02 6.985980920188664123e-02 6.836639443555660167e-02 6.687328760022046015e-02 6.538048152355124820e-02 6.388796910892789727e-02 6.239574333958227553e-02 6.090379728240339491e-02 5.941212409140861350e-02 5.792071701090071439e-02 5.642956937831460767e-02 5.493867462676880337e-02 5.344802628733347910e-02 5.195761799102314310e-02 5.046744347052786045e-02 4.897749656169375632e-02 4.748777120476169178e-02 4.599826144537796924e-02 4.450896143538433242e-02 4.301986543340177022e-02 4.153096780521576409e-02 4.004226302397456000e-02 3.855374567021093574e-02 3.706541043169678945e-02 3.557725210314268555e-02 3.408926558574933152e-02 3.260144588662473170e-02 3.111378811807225322e-02 2.962628749676391934e-02 2.813893934280451911e-02 2.665173907869887102e-02 2.516468222823001546e-02 2.367776441525763775e-02 2.219098136244605779e-02 2.070432888993121306e-02 1.921780291393443071e-02 1.773139944533300150e-02 1.624511458819324905e-02 1.475894453828105468e-02 1.327288558154888012e-02 1.178693409261540731e-02 1.030108653324451722e-02 8.815339450826078019e-03 7.329689476874604384e-03 5.844133325547944992e-03 4.358667792195955633e-03 2.873289751946652738e-03 1.387996158336825920e-03 -9.721595800456866944e-05 -1.582349490613545922e-03 -3.067407258381010891e-03 -4.552392006668617638e-03 -6.037306408342657527e-03 -7.522153064719823423e-03 -9.006934506417482028e-03 -1.049165319410116926e-02 -1.197631151912254867e-02 -1.346091180404149212e-02 -1.494545630302547209e-02 -1.642994720211816279e-02 -1.791438661937348395e-02 -1.939877660484486468e-02 -2.088311914042668971e-02 -2.236741613953871499e-02 -2.385166944664889391e-02 -2.533588083662709212e-02 -2.682005201392372376e-02 -2.830418461156757742e-02 -2.978828018997441152e-02 -3.127234023556384190e-02 -3.275636615917470323e-02 -3.424035929427490799e-02 -3.572432089495755636e-02 -3.720825213372180862e-02 -3.869215409902530822e-02 -4.017602779261016110e-02 -4.165987412658908595e-02 -4.314369392029219347e-02 -4.462748789686378503e-02 -4.611125667960629115e-02 -4.759500078806382789e-02 -4.907872063384122879e-02 -5.056241651615087790e-02 -5.204608861708319434e-02 -5.352973699659604317e-02 -5.501336158721509967e-02 -5.649696218844011547e-02 -5.798053846085543528e-02 -5.946408991993423765e-02 -6.094761592953364115e-02 -6.243111569507777542e-02 -6.391458825641882502e-02 -6.539803248037483197e-02 -6.688144705293870562e-02 -6.836483047115306244e-02 -6.984818103464524031e-02 -7.133149683682064868e-02 -7.281477575570728666e-02 -7.429801544444854244e-02 -7.578121332144026334e-02 -7.726436656010679527e-02 -7.874747207831298002e-02 -8.023052652740841895e-02 -8.171352628090074177e-02 -8.319646742275166318e-02 -8.467934573529942166e-02 -8.616215668679391704e-02 -8.764489541855317867e-02 -8.912755673172968740e-02 -9.061013507368904929e-02 -9.209262452399676058e-02 -9.357501878001252271e-02 -9.505731114208716692e-02 -9.653949449836550512e-02 -9.802156130918959764e-02 -9.950350359110474163e-02 -1.009853129004637529e-01 -1.024669803166338988e-01 -1.039484964248008209e-01 -1.054298512983769115e-01 -1.069110344810047103e-01 -1.083920349681674195e-01 -1.098728411883977407e-01 -1.113534409840941514e-01 -1.128338215919405113e-01 -1.143139696229372310e-01 -1.157938710420390732e-01 -1.172735111474112052e-01 -1.187528745493000026e-01 -1.202319451485249491e-01 -1.217107061145967922e-01 -1.231891398634647056e-01 -1.246672280348985057e-01 -1.261449514695117680e-01 -1.276222901854289493e-01 -1.290992233546074397e-01 -1.305757292788179147e-01 -1.320517853652906914e-01 -1.335273681020353598e-01 -1.350024530328459982e-01 -1.364770147319926685e-01 -1.379510267786169531e-01 -1.394244617308346146e-01 -1.408972910995597294e-01 -1.423694853220565382e-01 -1.438410137352359175e-01 -1.453118445487022736e-01 -1.467819448175660679e-01 -1.482512804150353247e-01 -1.497198160047956694e-01 -1.511875150131966605e-01 -1.526543396012536857e-01 -1.541202506364879321e-01 -1.555852076646084547e-01 -1.570491688810628228e-01 -1.585120911024662238e-01 -1.599739297379252356e-01 -1.614346387602790811e-01 -1.628941706772699949e-01 -1.643524765026622148e-01 -1.658095057273331618e-01 -1.672652062903479397e-01 -1.687195245500434093e-01 -1.701724052551382704e-01 -1.716237915158918270e-01 -1.730736247753305590e-01 -1.745218447805659545e-01 -1.759683895542235033e-01 -1.774131953660083860e-01 -1.788561967044254297e-01 -1.802973262486835537e-01 -1.817365148408011111e-01 -1.831736914579426001e-01 -1.846087831850060923e-01 -1.860417151874896313e-01 -1.874724106846595295e-01 -1.889007909230476234e-01 -1.903267751503044669e-01 -1.917502805894288620e-01 -1.931712224134076172e-01 -1.945895137202895975e-01 -1.960050655087159088e-01 -1.974177866539446602e-01 -1.988275838843846510e-01 -2.002343617586790081e-01 -2.016380226433523160e-01 -2.030384666910660385e-01 -2.044355918194923905e-01 -2.058292936908536486e-01 -2.072194656921372558e-01 -2.086059989160305161e-01 -2.099887821425948931e-01 -2.113677018217110515e-01 -2.127426420563230947e-01 -2.141134845865139136e-01 -2.154801087744336041e-01 -2.168423915901167010e-01 -2.182002075982137912e-01 -2.195534289456666233e-01 -2.209019253503526625e-01 -2.222455640907334551e-01 -2.235842099965283103e-01 -2.249177254404462478e-01 -2.262459703310019110e-01 -2.275688021064418975e-01 -2.288860757298118997e-01 -2.301976436851893015e-01 -2.315033559751080716e-01 -2.328030601192034033e-01 -2.340966011541002478e-01 -2.353838216345763013e-01 -2.366645616360140980e-01 -2.379386587581805990e-01 -2.392059481303474566e-01 -2.404662624177800745e-01 -2.417194318296198574e-01 -2.429652841281782494e-01 -2.442036446396707305e-01 -2.454343362664031525e-01 -2.466571795004424417e-01 -2.478719924387796092e-01 -2.490785908000176796e-01 -2.502767879425875641e-01 -2.514663948845280439e-01 -2.526472203248277815e-01 -2.538190706663627227e-01 -2.549817500404347737e-01 -2.561350603329254905e-01 -2.572788012120871826e-01 -2.584127701579733150e-01 -2.595367624935309148e-01 -2.606505714173577015e-01 -2.617539880381382633e-01 -2.628468014107658290e-01 -2.639287985741635700e-01 -2.649997645908011568e-01 -2.660594825879263325e-01 -2.671077338005054536e-01 -2.681442976158819880e-01 -2.691689516201554722e-01 -2.701814716462797583e-01 -2.711816318238848833e-01 -2.721692046308189505e-01 -2.731439609464094698e-01 -2.741056701064372714e-01 -2.750540999598289349e-01 -2.759890169270473037e-01 -2.769101860601861365e-01 -2.778173711047562389e-01 -2.787103345631466444e-01 -2.795888377597674501e-01 -2.804526409078423321e-01 -2.813015031778545727e-01 -2.821351827676186197e-01 -2.829534369739714617e-01 -2.837560222660637788e-01 -2.845426943602252234e-01 -2.853132082964001115e-01 -2.860673185161133336e-01 -2.868047789419592708e-01 -2.875253430585824055e-01 -2.882287639951272018e-01 -2.889147946091284447e-01 -2.895831875718190562e-01 -2.902336954548186410e-01 -2.908660708181831644e-01 -2.914800662997742431e-01 -2.920754347059178468e-01 -2.926519291033234382e-01 -2.932093029122197492e-01 -2.937473100006777194e-01 -2.942657047800780745e-01 -2.947642423016814672e-01 -2.952426783542733690e-01 -2.957007695628243726e-01 -2.961382734881347067e-01 -2.965549487274173890e-01 -2.969505550157693907e-01 -2.973248533284910677e-01 -2.976776059841989563e-01 -2.980085767486890247e-01 -2.983175309394983099e-01 -2.986042355311123164e-01 -2.988684592607711021e-01 -2.991099727348116022e-01 -2.993285485355028919e-01 -2.995239613283151581e-01 -2.996959879695602624e-01 -2.998444076143572112e-01 -2.999690018248605816e-01 -3.000695546786865120e-01 -3.001458528774922363e-01 -3.001976858556316130e-01 -3.002248458888377991e-01 -3.002271282028686206e-01 -3.002043310820471378e-01 -3.001562559776420613e-01 -3.000827076160209606e-01 -2.999834941065095406e-01 -2.998584270488970360e-01 -2.997073216405208851e-01 -2.995299967828645715e-01 -2.993262751876020755e-01 -2.990959834820273722e-01 -2.988389523137921500e-01 -2.985550164549028440e-01 -2.982440149048878331e-01 -2.979057909930859505e-01 -2.975401924799803699e-01 -2.971470716575119186e-01 -2.967262854483068146e-01 -2.962776955037482729e-01 -2.958011683008273107e-01 -2.952965752377064157e-01 -2.947637927279277426e-01 -2.942027022931953395e-01 -2.936131906546790016e-01 -2.929951498227559292e-01 -2.923484771851366237e-01 -2.916730755933076846e-01 -2.909688534472256172e-01 -2.902357247781994776e-01 -2.894736093298952428e-01 -2.886824326374049510e-01 -2.878621261043154411e-01 -2.870126270777156319e-01 -2.861338789210841060e-01 -2.852258310849921652e-01 -2.842884391755751694e-01 -2.833216650206997755e-01 -2.823254767337849969e-01 -2.812998487752118026e-01 -2.802447620112694104e-01 -2.791602037705916972e-01 -2.780461678980237772e-01 -2.769026548058680093e-01 -2.757296715224726302e-01 -2.745272317380969551e-01 -2.732953558480264999e-01 -2.720340709928729672e-01 -2.707434110960360019e-01 -2.694234168982691524e-01 -2.680741359893198950e-01 -2.666956228366005321e-01 -2.652879388108548286e-01 -2.638511522087869654e-01 -2.623853382726161199e-01 -2.608905792065326912e-01 -2.593669641900147593e-01 -2.578145893879905115e-01 -2.562335579578131628e-01 -2.546239800530274433e-01 -2.529859728239050032e-01 -2.513196604147313606e-01 -2.496251739578252415e-01 -2.479026515642745454e-01 -2.461522383113788348e-01 -2.443740862267853586e-01 -2.425683542693069239e-01 -2.407352083064236148e-01 -2.388748210884528156e-01 -2.369873722193943655e-01 -2.350730481244479309e-01 -2.331320420142025396e-01 -2.311645538455078808e-01 -2.291707902790294793e-01 -2.271509646335002908e-01 -2.251052968366807627e-01 -2.230340133730360497e-01 -2.209373472281564998e-01 -2.188155378299261045e-01 -2.166688309864745199e-01 -2.144974788209258743e-01 -2.123017397029725861e-01 -2.100818781773034771e-01 -2.078381648889160160e-01 -2.055708765053403109e-01 -2.032802956358210622e-01 -2.009667107474771286e-01 -1.986304160784958250e-01 -1.962717115483917640e-01 -1.938909026653771461e-01 -1.914883004308884085e-01 -1.890642212413221612e-01 -1.866189867870221564e-01 -1.841529239485746594e-01 -1.816663646904671525e-01 -1.791596459521632434e-01 -1.766331095366545922e-01 -1.740871019965485877e-01 -1.715219745177541111e-01 -1.689380828008306690e-01 -1.663357869400656774e-01 -1.637154513003459544e-01 -1.610774443918958632e-01 -1.584221387429507188e-01 -1.557499107704404806e-01 -1.530611406487542570e-01 -1.503562121766643112e-01 -1.476355126424881425e-01 -1.448994326875621963e-01 -1.421483661681129385e-01 -1.393827100156027066e-01 -1.366028640956348239e-01 -1.338092310655011885e-01 -1.310022162304573523e-01 -1.281822273988107441e-01 -1.253496747359095498e-01 -1.225049706171197489e-01 -1.196485294798779325e-01 -1.167807676749121060e-01 -1.139021033167176705e-01 -1.110129561333812326e-01 -1.081137473158420848e-01 -1.052048993666862414e-01 -1.022868359485605283e-01 -9.935998173230446706e-02 -9.642476224488857883e-02 -9.348160371725464102e-02 -9.053093293215151716e-02 -8.757317707205644619e-02 -8.460876356727936587e-02 -8.163811994433980979e-02 -7.866167367471173233e-02 -7.567985202402707778e-02 -7.269308190183119966e-02 -6.970178971198293105e-02 -6.670640120378823479e-02 -6.370734132396052574e-02 -6.070503406949730174e-02 -5.769990234156150560e-02 -5.469236780045737267e-02 -5.168285072178825656e-02 -4.867176985388341204e-02 -4.565954227657879894e-02 -4.264658326143761641e-02 -3.963330613349417414e-02 -3.662012213460257015e-02 -3.360744028847224146e-02 -3.059566726746948406e-02 -2.758520726126428152e-02 -2.457646184739743778e-02 -2.156982986384536893e-02 -1.856570728365519729e-02 -1.556448709172167898e-02 -1.256655916377800823e-02 -9.572310147666742222e-03 -6.582123346959404403e-03 -3.596378606988611618e-03 -6.154522033557809470e-04 2.360283267024919449e-03 5.330458992287058669e-03 8.294710049321009360e-03 1.125267550477608396e-02 1.420399851330404056e-02 1.714832641299358570e-02 2.008531081794766304e-02 2.301460770795838232e-02 2.593587751523580495e-02 2.884878520815008576e-02 3.175300037194795505e-02 3.464819728640745194e-02 3.753405500039797699e-02 4.041025740331292276e-02 4.327649329334732481e-02 4.613245644259399841e-02 4.897784565893386483e-02 5.181236484469978198e-02 5.463572305209507540e-02 5.744763453535003256e-02 6.024781879960399572e-02 6.303600064650027868e-02 6.581191021648706563e-02 6.857528302781716600e-02 7.132586001224371086e-02 7.406338754741104147e-02 7.678761748594215009e-02 7.949830718122724571e-02 8.219521950991917625e-02 8.487812289114667064e-02 8.754679130245558716e-02 9.020100429249268414e-02 9.284054699044924641e-02 9.546521011228153997e-02 9.807478996373296398e-02 1.006690884401781616e-01 1.032479130233158876e-01 1.058110767747424824e-01 1.083583983264300582e-01 1.108897018681487545e-01 1.134048171318642745e-01 1.159035793731486713e-01 1.183858293496440756e-01 1.208514132966204413e-01 1.233001828996706239e-01 1.257319952645882255e-01 1.281467128844746561e-01 1.305442036041264686e-01 1.329243405817505663e-01 1.352870022480637258e-01 1.376320722628274762e-01 1.399594394688760401e-01 1.422689978436950109e-01 1.445606464486085541e-01 1.468342893756364453e-01 1.490898356920838663e-01 1.513271993829254092e-01 1.535462992910479607e-01 1.557470590554208278e-01 1.579294070472562206e-01 1.600932763042311191e-01 1.622386044628381097e-01 1.643653336889341898e-01 1.664734106065620944e-01 1.685627862251104780e-01 1.706334158648898647e-01 1.726852590811946975e-01 1.747182795869266225e-01 1.767324451738526425e-01 1.787277276325711373e-01 1.807041026712655207e-01 1.826615498333146181e-01 1.846000524138403653e-01 1.865195973752654113e-01 1.884201752619600878e-01 1.903017801140503285e-01 1.921644093804642239e-01 1.940080638312979000e-01 1.958327474695660819e-01 1.976384674424221943e-01 1.994252339519204664e-01 2.011930601653907913e-01 2.029419621255078854e-01 2.046719586601216667e-01 2.063830712919279553e-01 2.080753241480485238e-01 2.097487438695936068e-01 2.114033595212793937e-01 2.130392025011692836e-01 2.146563064506106788e-01 2.162547071644334018e-01 2.178344425014806240e-01 2.193955522955363113e-01 2.209380782667189624e-01 2.224620639333999006e-01 2.239675545247171995e-01 2.254545968937410882e-01 2.269232394313572265e-01 2.283735319809217512e-01 2.298055257537519602e-01 2.312192732455078670e-01 2.326148281535157791e-01 2.339922452950976561e-01 2.353515805269467409e-01 2.366928906656107223e-01 2.380162334091278364e-01 2.393216672598607597e-01 2.406092514485801970e-01 2.418790458598384097e-01 2.431311109586768715e-01 2.443655077187120717e-01 2.455822975516297468e-01 2.467815422381396118e-01 2.479633038604097117e-01 2.491276447360298296e-01 2.502746273535247923e-01 2.514043143094530919e-01 2.525167682471197717e-01 2.536120517969288612e-01 2.546902275183986486e-01 2.557513578438659896e-01 2.567955050238983628e-01 2.578227310744355960e-01 2.588330977256721455e-01 2.598266663727057391e-01 2.608034980279540505e-01 2.617636532753630507e-01 2.627071922264073156e-01 2.636341744778946117e-01 2.645446590715808122e-01 2.654387044556004160e-01 2.663163684477118931e-01 2.671777082003621295e-01 2.680227801675679200e-01 2.688516400736097878e-01 2.696643428835361900e-01 2.704609427754734452e-01 2.712414931147255626e-01 2.720060464296675251e-01 2.727546543894056597e-01 2.734873677832065364e-01 2.742042365016698069e-01 2.749053095196324903e-01 2.755906348807916073e-01 2.762602596840177949e-01 2.769142300713469673e-01 2.775525912176237120e-01 2.781753873217758799e-01 2.787826615996955582e-01 2.793744562786998342e-01 2.799508125935417091e-01 2.805117707839514529e-01 2.810573700936697117e-01 2.815876487709437770e-01 2.821026440704639260e-01 2.826023922566947011e-01 2.830869286085719305e-01 2.835562874255412313e-01 2.840105020348811515e-01 2.844496048002980171e-01 2.848736271317361402e-01 2.852825994963802958e-01 2.856765514307978981e-01 2.860555115541955074e-01 2.864195075827395409e-01 2.867685663449040523e-01 2.871027137978051091e-01 2.874219750444827470e-01 2.877263743520797612e-01 2.880159351708888593e-01 2.882906801542093334e-01 2.885506311789884371e-01 2.887958093671840754e-01 2.890262351078281555e-01 2.892419280797264292e-01 2.894429072747634057e-01 2.896291910217698162e-01 2.898007970108997799e-01 2.899577423184837577e-01 2.901000434323083854e-01 2.902277162772848862e-01 2.903407762414569881e-01 2.904392382023119890e-01 2.905231165533509463e-01 2.905924252308708655e-01 2.906471777409262436e-01 2.906873871864226189e-01 2.907130662943045452e-01 2.907242274427943585e-01 2.907208826886464315e-01 2.907030437943782242e-01 2.906707222554321679e-01 2.906239293272435131e-01 2.905626760521665686e-01 2.904869732862245812e-01 2.903968317256584442e-01 2.902922619332219956e-01 2.901732743642080337e-01 2.900398793921579732e-01 2.898920873342370474e-01 2.897299084762266497e-01 2.895533530971235447e-01 2.893624314933006536e-01 2.891571540022138675e-01 2.889375310256155904e-01 2.887035730522650723e-01 2.884552906800900707e-01 2.881926946378016718e-01
