# Wed Jul  7 00:49:43 2021
# Spin blind formalism, bias turned off, lead sites decoupled
# Inputs:
# - Num. leads = (4, 4)
# - Num. impurity sites = 1
# - nelecs = (9, 0)
# - V_leads = 1.0
# - V_imp_leads = 0.4
# - V_bias = -0.005
# - mu = 0
# - V_gate = 0.5
# - U = 1.0
0.000000000000000000e+00 1.000000000000000056e-01 2.000000000000000111e-01 3.000000000000000444e-01 4.000000000000000222e-01 5.000000000000000000e-01 6.000000000000000888e-01 7.000000000000000666e-01 8.000000000000000444e-01 9.000000000000000222e-01 1.000000000000000000e+00 1.100000000000000089e+00 1.200000000000000178e+00 1.300000000000000044e+00 1.400000000000000133e+00 1.500000000000000000e+00 1.600000000000000089e+00 1.700000000000000178e+00 1.800000000000000044e+00 1.900000000000000133e+00 2.000000000000000000e+00 2.100000000000000089e+00 2.200000000000000178e+00 2.300000000000000266e+00 2.400000000000000355e+00 2.500000000000000000e+00 2.600000000000000089e+00 2.700000000000000178e+00 2.800000000000000266e+00 2.900000000000000355e+00 3.000000000000000000e+00 3.100000000000000089e+00 3.200000000000000178e+00 3.300000000000000266e+00 3.400000000000000355e+00 3.500000000000000000e+00 3.600000000000000089e+00 3.700000000000000178e+00 3.800000000000000266e+00 3.900000000000000355e+00 4.000000000000000000e+00 4.100000000000000533e+00 4.200000000000000178e+00 4.299999999999999822e+00 4.400000000000000355e+00 4.500000000000000000e+00 4.600000000000000533e+00 4.700000000000000178e+00 4.800000000000000711e+00 4.900000000000000355e+00 5.000000000000000000e+00 5.100000000000000533e+00 5.200000000000000178e+00 5.300000000000000711e+00 5.400000000000000355e+00 5.500000000000000000e+00 5.600000000000000533e+00 5.700000000000000178e+00 5.800000000000000711e+00 5.900000000000000355e+00 6.000000000000000000e+00 6.100000000000000533e+00 6.200000000000000178e+00 6.300000000000000711e+00 6.400000000000000355e+00 6.500000000000000000e+00 6.600000000000000533e+00 6.700000000000000178e+00 6.800000000000000711e+00 6.900000000000000355e+00 7.000000000000000000e+00 7.100000000000000533e+00 7.200000000000000178e+00 7.300000000000000711e+00 7.400000000000000355e+00 7.500000000000000000e+00 7.600000000000000533e+00 7.700000000000000178e+00 7.800000000000000711e+00 7.900000000000000355e+00 8.000000000000000000e+00 8.099999999999999645e+00 8.200000000000001066e+00 8.300000000000000711e+00 8.400000000000000355e+00 8.500000000000000000e+00 8.599999999999999645e+00 8.700000000000001066e+00 8.800000000000000711e+00 8.900000000000000355e+00 9.000000000000000000e+00 9.099999999999999645e+00 9.200000000000001066e+00 9.300000000000000711e+00 9.400000000000000355e+00 9.500000000000000000e+00 9.600000000000001421e+00 9.700000000000001066e+00 9.800000000000000711e+00 9.900000000000000355e+00 1.000000000000000000e+01
-8.880111099880771519e+00 -8.880111088775123562e+00 -8.880111077655490348e+00 -8.880111066521825691e+00 -8.880111055374101170e+00 -8.880111044212297244e+00 -8.880111033036392598e+00 -8.880111021846362362e+00 -8.880111010642176339e+00 -8.880110999423829199e+00 -8.880110988191280086e+00 -8.880110976944504131e+00 -8.880110965683492452e+00 -8.880110954408197088e+00 -8.880110943118619815e+00 -8.880110931814710895e+00 -8.880110920496472104e+00 -8.880110909163846600e+00 -8.880110897816845039e+00 -8.880110886455408803e+00 -8.880110875079539667e+00 -8.880110863689191447e+00 -8.880110852284369471e+00 -8.880110840865000910e+00 -8.880110829431123065e+00 -8.880110817982673765e+00 -8.880110806519621036e+00 -8.880110795041934679e+00 -8.880110783549644893e+00 -8.880110772042652201e+00 -8.880110760520988578e+00 -8.880110748984604285e+00 -8.880110737433456691e+00 -8.880110725867531585e+00 -8.880110714286850282e+00 -8.880110702691329294e+00 -8.880110691080961516e+00 -8.880110679455738065e+00 -8.880110667815577230e+00 -8.880110656160537630e+00 -8.880110644490500249e+00 -8.880110632805523707e+00 -8.880110621105529844e+00 -8.880110609390506227e+00 -8.880110597660431537e+00 -8.880110585915288013e+00 -8.880110574155027692e+00 -8.880110562379632810e+00 -8.880110550589067842e+00 -8.880110538783316798e+00 -8.880110526962349482e+00 -8.880110515126192539e+00 -8.880110503274718070e+00 -8.880110491407972262e+00 -8.880110479525894718e+00 -8.880110467628467674e+00 -8.880110455715644946e+00 -8.880110443787478047e+00 -8.880110431843847962e+00 -8.880110419884763573e+00 -8.880110407910198234e+00 -8.880110395920141286e+00 -8.880110383914530559e+00 -8.880110371893330523e+00 -8.880110359856592694e+00 -8.880110347804182069e+00 -8.880110335736150162e+00 -8.880110323652441906e+00 -8.880110311553025326e+00 -8.880110299437893318e+00 -8.880110287306962391e+00 -8.880110275160298272e+00 -8.880110262997792603e+00 -8.880110250819432949e+00 -8.880110238625219310e+00 -8.880110226415087737e+00 -8.880110214189061324e+00 -8.880110201947045923e+00 -8.880110189689071731e+00 -8.880110177415051709e+00 -8.880110165125021382e+00 -8.880110152818900815e+00 -8.880110140496681126e+00 -8.880110128158342775e+00 -8.880110115803843129e+00 -8.880110103433169755e+00 -8.880110091046251597e+00 -8.880110078643115301e+00 -8.880110066223691589e+00 -8.880110053787969804e+00 -8.880110041335917970e+00 -8.880110028867497007e+00 -8.880110016382685600e+00 -8.880110003881462433e+00 -8.880109991363784872e+00 -8.880109978829608508e+00 -8.880109966278956435e+00 -8.880109953711757598e+00 -8.880109941127964035e+00 -8.880109928527588181e+00 -8.880109915910585627e+00
