# Wed Jun 30 15:20:25 2021
# Spin blind formalism, bias turned off, lead sites decoupled
# Inputs:
# - Num. leads = (4, 4)
# - Num. impurity sites = 1
# - nelecs = (9, 0)
# -vi V_leads = 1.0
# - V_imp_leads = 0.4
# - V_bias = -0.005
# - mu = 0
# - V_gate = -1.0
0.000000000000000000e+00 1.000000000000000021e-02 2.000000000000000042e-02 2.999999999999999889e-02 4.000000000000000083e-02 5.000000000000000278e-02 5.999999999999999778e-02 7.000000000000000666e-02 8.000000000000000167e-02 8.999999999999999667e-02 1.000000000000000056e-01 1.100000000000000006e-01 1.199999999999999956e-01 1.300000000000000044e-01 1.400000000000000133e-01 1.499999999999999944e-01 1.600000000000000033e-01 1.700000000000000122e-01 1.799999999999999933e-01 1.900000000000000022e-01 2.000000000000000111e-01 2.099999999999999922e-01 2.200000000000000011e-01 2.300000000000000100e-01 2.399999999999999911e-01 2.500000000000000000e-01 2.600000000000000089e-01 2.700000000000000178e-01 2.800000000000000266e-01 2.899999999999999800e-01 2.999999999999999889e-01 3.099999999999999978e-01 3.200000000000000067e-01 3.300000000000000155e-01 3.400000000000000244e-01 3.500000000000000333e-01 3.599999999999999867e-01 3.699999999999999956e-01 3.800000000000000044e-01 3.900000000000000133e-01 4.000000000000000222e-01 4.100000000000000311e-01 4.199999999999999845e-01 4.299999999999999933e-01 4.400000000000000022e-01 4.500000000000000111e-01 4.600000000000000200e-01 4.700000000000000289e-01 4.799999999999999822e-01 4.899999999999999911e-01 5.000000000000000000e-01 5.100000000000000089e-01 5.200000000000000178e-01 5.300000000000000266e-01 5.400000000000000355e-01 5.500000000000000444e-01 5.600000000000000533e-01 5.700000000000000622e-01 5.799999999999999600e-01 5.899999999999999689e-01 5.999999999999999778e-01 6.099999999999999867e-01 6.199999999999999956e-01 6.300000000000000044e-01 6.400000000000000133e-01 6.500000000000000222e-01 6.600000000000000311e-01 6.700000000000000400e-01 6.800000000000000488e-01 6.900000000000000577e-01 7.000000000000000666e-01 7.099999999999999645e-01 7.199999999999999734e-01 7.299999999999999822e-01 7.399999999999999911e-01 7.500000000000000000e-01 7.600000000000000089e-01 7.700000000000000178e-01 7.800000000000000266e-01 7.900000000000000355e-01 8.000000000000000444e-01 8.100000000000000533e-01 8.200000000000000622e-01 8.300000000000000711e-01 8.399999999999999689e-01 8.499999999999999778e-01 8.599999999999999867e-01 8.699999999999999956e-01 8.800000000000000044e-01 8.900000000000000133e-01 9.000000000000000222e-01 9.100000000000000311e-01 9.200000000000000400e-01 9.300000000000000488e-01 9.400000000000000577e-01 9.500000000000000666e-01 9.599999999999999645e-01 9.699999999999999734e-01 9.799999999999999822e-01 9.899999999999999911e-01 1.000000000000000000e+00 1.010000000000000009e+00 1.020000000000000018e+00 1.030000000000000027e+00 1.040000000000000036e+00 1.050000000000000044e+00 1.060000000000000053e+00 1.070000000000000062e+00 1.080000000000000071e+00 1.090000000000000080e+00 1.100000000000000089e+00 1.110000000000000098e+00 1.120000000000000107e+00 1.130000000000000115e+00 1.140000000000000124e+00 1.150000000000000133e+00 1.159999999999999920e+00 1.169999999999999929e+00 1.179999999999999938e+00 1.189999999999999947e+00 1.199999999999999956e+00 1.209999999999999964e+00 1.219999999999999973e+00 1.229999999999999982e+00 1.239999999999999991e+00 1.250000000000000000e+00 1.260000000000000009e+00 1.270000000000000018e+00 1.280000000000000027e+00 1.290000000000000036e+00 1.300000000000000044e+00 1.310000000000000053e+00 1.320000000000000062e+00 1.330000000000000071e+00 1.340000000000000080e+00 1.350000000000000089e+00 1.360000000000000098e+00 1.370000000000000107e+00 1.380000000000000115e+00 1.390000000000000124e+00 1.400000000000000133e+00 1.409999999999999920e+00 1.419999999999999929e+00 1.429999999999999938e+00 1.439999999999999947e+00 1.449999999999999956e+00 1.459999999999999964e+00 1.469999999999999973e+00 1.479999999999999982e+00 1.489999999999999991e+00 1.500000000000000000e+00 1.510000000000000009e+00 1.520000000000000018e+00 1.530000000000000027e+00 1.540000000000000036e+00 1.550000000000000044e+00 1.560000000000000053e+00 1.570000000000000062e+00 1.580000000000000071e+00 1.590000000000000080e+00 1.600000000000000089e+00 1.610000000000000098e+00 1.620000000000000107e+00 1.630000000000000115e+00 1.640000000000000124e+00 1.650000000000000133e+00 1.660000000000000142e+00 1.669999999999999929e+00 1.679999999999999938e+00 1.689999999999999947e+00 1.699999999999999956e+00 1.709999999999999964e+00 1.719999999999999973e+00 1.729999999999999982e+00 1.739999999999999991e+00 1.750000000000000000e+00 1.760000000000000009e+00 1.770000000000000018e+00 1.780000000000000027e+00 1.790000000000000036e+00 1.800000000000000044e+00 1.810000000000000053e+00 1.820000000000000062e+00 1.830000000000000071e+00 1.840000000000000080e+00 1.850000000000000089e+00 1.860000000000000098e+00 1.870000000000000107e+00 1.880000000000000115e+00 1.890000000000000124e+00 1.900000000000000133e+00 1.910000000000000142e+00 1.919999999999999929e+00 1.929999999999999938e+00 1.939999999999999947e+00 1.949999999999999956e+00 1.959999999999999964e+00 1.969999999999999973e+00 1.979999999999999982e+00 1.989999999999999991e+00 2.000000000000000000e+00 2.010000000000000231e+00 2.020000000000000018e+00 2.030000000000000249e+00 2.040000000000000036e+00 2.049999999999999822e+00 2.060000000000000053e+00 2.069999999999999840e+00 2.080000000000000071e+00 2.089999999999999858e+00 2.100000000000000089e+00 2.109999999999999876e+00 2.120000000000000107e+00 2.129999999999999893e+00 2.140000000000000124e+00 2.149999999999999911e+00 2.160000000000000142e+00 2.169999999999999929e+00 2.180000000000000160e+00 2.189999999999999947e+00 2.200000000000000178e+00 2.209999999999999964e+00 2.220000000000000195e+00 2.229999999999999982e+00 2.240000000000000213e+00 2.250000000000000000e+00 2.260000000000000231e+00 2.270000000000000018e+00 2.280000000000000249e+00 2.290000000000000036e+00 2.300000000000000266e+00 2.310000000000000053e+00 2.319999999999999840e+00 2.330000000000000071e+00 2.339999999999999858e+00 2.350000000000000089e+00 2.359999999999999876e+00 2.370000000000000107e+00 2.379999999999999893e+00 2.390000000000000124e+00 2.399999999999999911e+00 2.410000000000000142e+00 2.419999999999999929e+00 2.430000000000000160e+00 2.439999999999999947e+00 2.450000000000000178e+00 2.459999999999999964e+00 2.470000000000000195e+00 2.479999999999999982e+00 2.490000000000000213e+00 2.500000000000000000e+00 2.510000000000000231e+00 2.520000000000000018e+00 2.530000000000000249e+00 2.540000000000000036e+00 2.550000000000000266e+00 2.560000000000000053e+00 2.569999999999999840e+00 2.580000000000000071e+00 2.589999999999999858e+00 2.600000000000000089e+00 2.609999999999999876e+00 2.620000000000000107e+00 2.629999999999999893e+00 2.640000000000000124e+00 2.649999999999999911e+00 2.660000000000000142e+00 2.669999999999999929e+00 2.680000000000000160e+00 2.689999999999999947e+00 2.700000000000000178e+00 2.709999999999999964e+00 2.720000000000000195e+00 2.729999999999999982e+00 2.740000000000000213e+00 2.750000000000000000e+00 2.760000000000000231e+00 2.770000000000000018e+00 2.780000000000000249e+00 2.790000000000000036e+00 2.800000000000000266e+00 2.810000000000000053e+00 2.819999999999999840e+00 2.830000000000000071e+00 2.839999999999999858e+00 2.850000000000000089e+00 2.859999999999999876e+00 2.870000000000000107e+00 2.879999999999999893e+00 2.890000000000000124e+00 2.899999999999999911e+00 2.910000000000000142e+00 2.919999999999999929e+00 2.930000000000000160e+00 2.939999999999999947e+00 2.950000000000000178e+00 2.959999999999999964e+00 2.970000000000000195e+00 2.979999999999999982e+00 2.990000000000000213e+00 3.000000000000000000e+00 3.010000000000000231e+00 3.020000000000000018e+00 3.030000000000000249e+00 3.040000000000000036e+00 3.050000000000000266e+00 3.060000000000000053e+00 3.070000000000000284e+00 3.080000000000000071e+00 3.089999999999999858e+00 3.100000000000000089e+00 3.109999999999999876e+00 3.120000000000000107e+00 3.129999999999999893e+00 3.140000000000000124e+00 3.149999999999999911e+00 3.160000000000000142e+00 3.169999999999999929e+00 3.180000000000000160e+00 3.189999999999999947e+00 3.200000000000000178e+00 3.209999999999999964e+00 3.220000000000000195e+00 3.229999999999999982e+00 3.240000000000000213e+00 3.250000000000000000e+00 3.260000000000000231e+00 3.270000000000000018e+00 3.280000000000000249e+00 3.290000000000000036e+00 3.300000000000000266e+00 3.310000000000000053e+00 3.320000000000000284e+00 3.330000000000000071e+00 3.339999999999999858e+00 3.350000000000000089e+00 3.359999999999999876e+00 3.370000000000000107e+00 3.379999999999999893e+00 3.390000000000000124e+00 3.399999999999999911e+00 3.410000000000000142e+00 3.419999999999999929e+00 3.430000000000000160e+00 3.439999999999999947e+00 3.450000000000000178e+00 3.459999999999999964e+00 3.470000000000000195e+00 3.479999999999999982e+00 3.490000000000000213e+00 3.500000000000000000e+00 3.510000000000000231e+00 3.520000000000000018e+00 3.530000000000000249e+00 3.540000000000000036e+00 3.550000000000000266e+00 3.560000000000000053e+00 3.570000000000000284e+00 3.580000000000000071e+00 3.589999999999999858e+00 3.600000000000000089e+00 3.609999999999999876e+00 3.620000000000000107e+00 3.629999999999999893e+00 3.640000000000000124e+00 3.649999999999999911e+00 3.660000000000000142e+00 3.669999999999999929e+00 3.680000000000000160e+00 3.689999999999999947e+00 3.700000000000000178e+00 3.709999999999999964e+00 3.720000000000000195e+00 3.729999999999999982e+00 3.740000000000000213e+00 3.750000000000000000e+00 3.760000000000000231e+00 3.770000000000000018e+00 3.780000000000000249e+00 3.790000000000000036e+00 3.800000000000000266e+00 3.810000000000000053e+00 3.820000000000000284e+00 3.830000000000000071e+00 3.839999999999999858e+00 3.850000000000000089e+00 3.859999999999999876e+00 3.870000000000000107e+00 3.879999999999999893e+00 3.890000000000000124e+00 3.899999999999999911e+00 3.910000000000000142e+00 3.919999999999999929e+00 3.930000000000000160e+00 3.939999999999999947e+00 3.950000000000000178e+00 3.959999999999999964e+00 3.970000000000000195e+00 3.979999999999999982e+00 3.990000000000000213e+00 4.000000000000000000e+00 4.009999999999999787e+00 4.020000000000000462e+00 4.030000000000000249e+00 4.040000000000000036e+00 4.049999999999999822e+00 4.060000000000000497e+00 4.070000000000000284e+00 4.080000000000000071e+00 4.089999999999999858e+00 4.099999999999999645e+00 4.110000000000000320e+00 4.120000000000000107e+00 4.129999999999999893e+00 4.139999999999999680e+00 4.150000000000000355e+00 4.160000000000000142e+00 4.169999999999999929e+00 4.179999999999999716e+00 4.190000000000000391e+00 4.200000000000000178e+00 4.209999999999999964e+00 4.219999999999999751e+00 4.230000000000000426e+00 4.240000000000000213e+00 4.250000000000000000e+00 4.259999999999999787e+00 4.270000000000000462e+00 4.280000000000000249e+00 4.290000000000000036e+00 4.299999999999999822e+00 4.310000000000000497e+00 4.320000000000000284e+00 4.330000000000000071e+00 4.339999999999999858e+00 4.350000000000000533e+00 4.360000000000000320e+00 4.370000000000000107e+00 4.379999999999999893e+00 4.389999999999999680e+00 4.400000000000000355e+00 4.410000000000000142e+00 4.419999999999999929e+00 4.429999999999999716e+00 4.440000000000000391e+00 4.450000000000000178e+00 4.459999999999999964e+00 4.469999999999999751e+00 4.480000000000000426e+00 4.490000000000000213e+00 4.500000000000000000e+00 4.509999999999999787e+00 4.520000000000000462e+00 4.530000000000000249e+00 4.540000000000000036e+00 4.549999999999999822e+00 4.560000000000000497e+00 4.570000000000000284e+00 4.580000000000000071e+00 4.589999999999999858e+00 4.600000000000000533e+00 4.610000000000000320e+00 4.620000000000000107e+00 4.629999999999999893e+00 4.639999999999999680e+00 4.650000000000000355e+00 4.660000000000000142e+00 4.669999999999999929e+00 4.679999999999999716e+00 4.690000000000000391e+00 4.700000000000000178e+00 4.709999999999999964e+00 4.719999999999999751e+00 4.730000000000000426e+00 4.740000000000000213e+00 4.750000000000000000e+00 4.759999999999999787e+00 4.770000000000000462e+00 4.780000000000000249e+00 4.790000000000000036e+00 4.799999999999999822e+00 4.810000000000000497e+00 4.820000000000000284e+00 4.830000000000000071e+00 4.839999999999999858e+00 4.850000000000000533e+00 4.860000000000000320e+00 4.870000000000000107e+00 4.879999999999999893e+00 4.889999999999999680e+00 4.900000000000000355e+00 4.910000000000000142e+00 4.919999999999999929e+00 4.929999999999999716e+00 4.940000000000000391e+00 4.950000000000000178e+00 4.959999999999999964e+00 4.969999999999999751e+00 4.980000000000000426e+00 4.990000000000000213e+00 5.000000000000000000e+00 5.009999999999999787e+00 5.020000000000000462e+00 5.030000000000000249e+00 5.040000000000000036e+00 5.049999999999999822e+00 5.060000000000000497e+00 5.070000000000000284e+00 5.080000000000000071e+00 5.089999999999999858e+00 5.100000000000000533e+00 5.110000000000000320e+00 5.120000000000000107e+00 5.129999999999999893e+00 5.139999999999999680e+00 5.150000000000000355e+00 5.160000000000000142e+00 5.169999999999999929e+00 5.179999999999999716e+00 5.190000000000000391e+00 5.200000000000000178e+00 5.209999999999999964e+00 5.219999999999999751e+00 5.230000000000000426e+00 5.240000000000000213e+00 5.250000000000000000e+00 5.259999999999999787e+00 5.270000000000000462e+00 5.280000000000000249e+00 5.290000000000000036e+00 5.299999999999999822e+00 5.310000000000000497e+00 5.320000000000000284e+00 5.330000000000000071e+00 5.339999999999999858e+00 5.350000000000000533e+00 5.360000000000000320e+00 5.370000000000000107e+00 5.379999999999999893e+00 5.389999999999999680e+00 5.400000000000000355e+00 5.410000000000000142e+00 5.419999999999999929e+00 5.429999999999999716e+00 5.440000000000000391e+00 5.450000000000000178e+00 5.459999999999999964e+00 5.469999999999999751e+00 5.480000000000000426e+00 5.490000000000000213e+00 5.500000000000000000e+00 5.509999999999999787e+00 5.520000000000000462e+00 5.530000000000000249e+00 5.540000000000000036e+00 5.549999999999999822e+00 5.560000000000000497e+00 5.570000000000000284e+00 5.580000000000000071e+00 5.589999999999999858e+00 5.600000000000000533e+00 5.610000000000000320e+00 5.620000000000000107e+00 5.629999999999999893e+00 5.639999999999999680e+00 5.650000000000000355e+00 5.660000000000000142e+00 5.669999999999999929e+00 5.679999999999999716e+00 5.690000000000000391e+00 5.700000000000000178e+00 5.709999999999999964e+00 5.719999999999999751e+00 5.730000000000000426e+00 5.740000000000000213e+00 5.750000000000000000e+00 5.759999999999999787e+00 5.770000000000000462e+00 5.780000000000000249e+00 5.790000000000000036e+00 5.799999999999999822e+00 5.810000000000000497e+00 5.820000000000000284e+00 5.830000000000000071e+00 5.839999999999999858e+00 5.850000000000000533e+00 5.860000000000000320e+00 5.870000000000000107e+00 5.879999999999999893e+00 5.889999999999999680e+00 5.900000000000000355e+00 5.910000000000000142e+00 5.919999999999999929e+00 5.929999999999999716e+00 5.940000000000000391e+00 5.950000000000000178e+00 5.959999999999999964e+00 5.969999999999999751e+00 5.980000000000000426e+00 5.990000000000000213e+00 6.000000000000000000e+00 6.009999999999999787e+00 6.020000000000000462e+00 6.030000000000000249e+00 6.040000000000000036e+00 6.049999999999999822e+00 6.060000000000000497e+00 6.070000000000000284e+00 6.080000000000000071e+00 6.089999999999999858e+00 6.100000000000000533e+00 6.110000000000000320e+00 6.120000000000000107e+00 6.129999999999999893e+00 6.140000000000000568e+00 6.150000000000000355e+00 6.160000000000000142e+00 6.169999999999999929e+00 6.179999999999999716e+00 6.190000000000000391e+00 6.200000000000000178e+00 6.209999999999999964e+00 6.219999999999999751e+00 6.230000000000000426e+00 6.240000000000000213e+00 6.250000000000000000e+00 6.259999999999999787e+00 6.270000000000000462e+00 6.280000000000000249e+00 6.290000000000000036e+00 6.299999999999999822e+00 6.310000000000000497e+00 6.320000000000000284e+00 6.330000000000000071e+00 6.339999999999999858e+00 6.350000000000000533e+00 6.360000000000000320e+00 6.370000000000000107e+00 6.379999999999999893e+00 6.390000000000000568e+00 6.400000000000000355e+00 6.410000000000000142e+00 6.419999999999999929e+00 6.429999999999999716e+00 6.440000000000000391e+00 6.450000000000000178e+00 6.459999999999999964e+00 6.469999999999999751e+00 6.480000000000000426e+00 6.490000000000000213e+00 6.500000000000000000e+00 6.509999999999999787e+00 6.520000000000000462e+00 6.530000000000000249e+00 6.540000000000000036e+00 6.549999999999999822e+00 6.560000000000000497e+00 6.570000000000000284e+00 6.580000000000000071e+00 6.589999999999999858e+00 6.600000000000000533e+00 6.610000000000000320e+00 6.620000000000000107e+00 6.629999999999999893e+00 6.640000000000000568e+00 6.650000000000000355e+00 6.660000000000000142e+00 6.669999999999999929e+00 6.679999999999999716e+00 6.690000000000000391e+00 6.700000000000000178e+00 6.709999999999999964e+00 6.719999999999999751e+00 6.730000000000000426e+00 6.740000000000000213e+00 6.750000000000000000e+00 6.759999999999999787e+00 6.770000000000000462e+00 6.780000000000000249e+00 6.790000000000000036e+00 6.799999999999999822e+00 6.810000000000000497e+00 6.820000000000000284e+00 6.830000000000000071e+00 6.839999999999999858e+00 6.850000000000000533e+00 6.860000000000000320e+00 6.870000000000000107e+00 6.879999999999999893e+00 6.890000000000000568e+00 6.900000000000000355e+00 6.910000000000000142e+00 6.919999999999999929e+00 6.929999999999999716e+00 6.940000000000000391e+00 6.950000000000000178e+00 6.959999999999999964e+00 6.969999999999999751e+00 6.980000000000000426e+00 6.990000000000000213e+00 7.000000000000000000e+00 7.009999999999999787e+00 7.020000000000000462e+00 7.030000000000000249e+00 7.040000000000000036e+00 7.049999999999999822e+00 7.060000000000000497e+00 7.070000000000000284e+00 7.080000000000000071e+00 7.089999999999999858e+00 7.100000000000000533e+00 7.110000000000000320e+00 7.120000000000000107e+00 7.129999999999999893e+00 7.140000000000000568e+00 7.150000000000000355e+00 7.160000000000000142e+00 7.169999999999999929e+00 7.179999999999999716e+00 7.190000000000000391e+00 7.200000000000000178e+00 7.209999999999999964e+00 7.219999999999999751e+00 7.230000000000000426e+00 7.240000000000000213e+00 7.250000000000000000e+00 7.259999999999999787e+00 7.270000000000000462e+00 7.280000000000000249e+00 7.290000000000000036e+00 7.299999999999999822e+00 7.310000000000000497e+00 7.320000000000000284e+00 7.330000000000000071e+00 7.339999999999999858e+00 7.350000000000000533e+00 7.360000000000000320e+00 7.370000000000000107e+00 7.379999999999999893e+00 7.390000000000000568e+00 7.400000000000000355e+00 7.410000000000000142e+00 7.419999999999999929e+00 7.429999999999999716e+00 7.440000000000000391e+00 7.450000000000000178e+00 7.459999999999999964e+00 7.469999999999999751e+00 7.480000000000000426e+00 7.490000000000000213e+00 7.500000000000000000e+00 7.509999999999999787e+00 7.520000000000000462e+00 7.530000000000000249e+00 7.540000000000000036e+00 7.549999999999999822e+00 7.560000000000000497e+00 7.570000000000000284e+00 7.580000000000000071e+00 7.589999999999999858e+00 7.600000000000000533e+00 7.610000000000000320e+00 7.620000000000000107e+00 7.629999999999999893e+00 7.640000000000000568e+00 7.650000000000000355e+00 7.660000000000000142e+00 7.669999999999999929e+00 7.679999999999999716e+00 7.690000000000000391e+00 7.700000000000000178e+00 7.709999999999999964e+00 7.719999999999999751e+00 7.730000000000000426e+00 7.740000000000000213e+00 7.750000000000000000e+00 7.759999999999999787e+00 7.770000000000000462e+00 7.780000000000000249e+00 7.790000000000000036e+00 7.799999999999999822e+00 7.810000000000000497e+00 7.820000000000000284e+00 7.830000000000000071e+00 7.839999999999999858e+00 7.850000000000000533e+00 7.860000000000000320e+00 7.870000000000000107e+00 7.879999999999999893e+00 7.890000000000000568e+00 7.900000000000000355e+00 7.910000000000000142e+00 7.919999999999999929e+00 7.930000000000000604e+00 7.940000000000000391e+00 7.950000000000000178e+00 7.959999999999999964e+00 7.969999999999999751e+00 7.980000000000000426e+00 7.990000000000000213e+00 8.000000000000000000e+00 8.009999999999999787e+00 8.019999999999999574e+00 8.029999999999999361e+00 8.040000000000000924e+00 8.050000000000000711e+00 8.060000000000000497e+00 8.070000000000000284e+00 8.080000000000000071e+00 8.089999999999999858e+00 8.099999999999999645e+00 8.109999999999999432e+00 8.120000000000000995e+00 8.130000000000000782e+00 8.140000000000000568e+00 8.150000000000000355e+00 8.160000000000000142e+00 8.169999999999999929e+00 8.179999999999999716e+00 8.189999999999999503e+00 8.199999999999999289e+00 8.210000000000000853e+00 8.220000000000000639e+00 8.230000000000000426e+00 8.240000000000000213e+00 8.250000000000000000e+00 8.259999999999999787e+00 8.269999999999999574e+00 8.279999999999999361e+00 8.290000000000000924e+00 8.300000000000000711e+00 8.310000000000000497e+00 8.320000000000000284e+00 8.330000000000000071e+00 8.339999999999999858e+00 8.349999999999999645e+00 8.359999999999999432e+00 8.370000000000000995e+00 8.380000000000000782e+00 8.390000000000000568e+00 8.400000000000000355e+00 8.410000000000000142e+00 8.419999999999999929e+00 8.429999999999999716e+00 8.439999999999999503e+00 8.449999999999999289e+00 8.460000000000000853e+00 8.470000000000000639e+00 8.480000000000000426e+00 8.490000000000000213e+00 8.500000000000000000e+00 8.509999999999999787e+00 8.519999999999999574e+00 8.529999999999999361e+00 8.540000000000000924e+00 8.550000000000000711e+00 8.560000000000000497e+00 8.570000000000000284e+00 8.580000000000000071e+00 8.589999999999999858e+00 8.599999999999999645e+00 8.609999999999999432e+00 8.620000000000000995e+00 8.630000000000000782e+00 8.640000000000000568e+00 8.650000000000000355e+00 8.660000000000000142e+00 8.669999999999999929e+00 8.679999999999999716e+00 8.689999999999999503e+00 8.700000000000001066e+00 8.710000000000000853e+00 8.720000000000000639e+00 8.730000000000000426e+00 8.740000000000000213e+00 8.750000000000000000e+00 8.759999999999999787e+00 8.769999999999999574e+00 8.779999999999999361e+00 8.790000000000000924e+00 8.800000000000000711e+00 8.810000000000000497e+00 8.820000000000000284e+00 8.830000000000000071e+00 8.839999999999999858e+00 8.849999999999999645e+00 8.859999999999999432e+00 8.870000000000000995e+00 8.880000000000000782e+00 8.890000000000000568e+00 8.900000000000000355e+00 8.910000000000000142e+00 8.919999999999999929e+00 8.929999999999999716e+00 8.939999999999999503e+00 8.950000000000001066e+00 8.960000000000000853e+00 8.970000000000000639e+00 8.980000000000000426e+00 8.990000000000000213e+00 9.000000000000000000e+00 9.009999999999999787e+00 9.019999999999999574e+00 9.029999999999999361e+00 9.040000000000000924e+00 9.050000000000000711e+00 9.060000000000000497e+00 9.070000000000000284e+00 9.080000000000000071e+00 9.089999999999999858e+00 9.099999999999999645e+00 9.109999999999999432e+00 9.120000000000000995e+00 9.130000000000000782e+00 9.140000000000000568e+00 9.150000000000000355e+00 9.160000000000000142e+00 9.169999999999999929e+00 9.179999999999999716e+00 9.189999999999999503e+00 9.200000000000001066e+00 9.210000000000000853e+00 9.220000000000000639e+00 9.230000000000000426e+00 9.240000000000000213e+00 9.250000000000000000e+00 9.259999999999999787e+00 9.269999999999999574e+00 9.279999999999999361e+00 9.290000000000000924e+00 9.300000000000000711e+00 9.310000000000000497e+00 9.320000000000000284e+00 9.330000000000000071e+00 9.339999999999999858e+00 9.349999999999999645e+00 9.359999999999999432e+00 9.370000000000000995e+00 9.380000000000000782e+00 9.390000000000000568e+00 9.400000000000000355e+00 9.410000000000000142e+00 9.419999999999999929e+00 9.429999999999999716e+00 9.439999999999999503e+00 9.450000000000001066e+00 9.460000000000000853e+00 9.470000000000000639e+00 9.480000000000000426e+00 9.490000000000000213e+00 9.500000000000000000e+00 9.509999999999999787e+00 9.519999999999999574e+00 9.529999999999999361e+00 9.540000000000000924e+00 9.550000000000000711e+00 9.560000000000000497e+00 9.570000000000000284e+00 9.580000000000000071e+00 9.589999999999999858e+00 9.599999999999999645e+00 9.609999999999999432e+00 9.620000000000000995e+00 9.630000000000000782e+00 9.640000000000000568e+00 9.650000000000000355e+00 9.660000000000000142e+00 9.669999999999999929e+00 9.679999999999999716e+00 9.689999999999999503e+00 9.700000000000001066e+00 9.710000000000000853e+00 9.720000000000000639e+00 9.730000000000000426e+00 9.740000000000000213e+00 9.750000000000000000e+00 9.759999999999999787e+00 9.769999999999999574e+00 9.779999999999999361e+00 9.790000000000000924e+00 9.800000000000000711e+00 9.810000000000000497e+00 9.820000000000000284e+00 9.830000000000000071e+00 9.839999999999999858e+00 9.849999999999999645e+00 9.859999999999999432e+00 9.870000000000000995e+00 9.880000000000000782e+00 9.890000000000000568e+00 9.900000000000000355e+00 9.910000000000000142e+00 9.919999999999999929e+00 9.929999999999999716e+00 9.939999999999999503e+00 9.950000000000001066e+00 9.960000000000000853e+00 9.970000000000000639e+00 9.980000000000000426e+00 9.990000000000000213e+00 1.000000000000000000e+01
-1.023871961112617335e+01 -1.023871961112617690e+01 -1.023871961112616447e+01 -1.023871961112615026e+01 -1.023871961112613604e+01 -1.023871961112612894e+01 -1.023871961112610585e+01 -1.023871961112609519e+01 -1.023871961112608098e+01 -1.023871961112607210e+01 -1.023871961112604900e+01 -1.023871961112604723e+01 -1.023871961112602591e+01 -1.023871961112601170e+01 -1.023871961112599749e+01 -1.023871961112598861e+01 -1.023871961112597617e+01 -1.023871961112596018e+01 -1.023871961112593887e+01 -1.023871961112593709e+01 -1.023871961112591933e+01 -1.023871961112591045e+01 -1.023871961112589624e+01 -1.023871961112587492e+01 -1.023871961112586426e+01 -1.023871961112584295e+01 -1.023871961112583406e+01 -1.023871961112582518e+01 -1.023871961112581097e+01 -1.023871961112579143e+01 -1.023871961112578255e+01 -1.023871961112577011e+01 -1.023871961112575057e+01 -1.023871961112573459e+01 -1.023871961112571682e+01 -1.023871961112571327e+01 -1.023871961112569018e+01 -1.023871961112569196e+01 -1.023871961112566531e+01 -1.023871961112565288e+01 -1.023871961112562978e+01 -1.023871961112562623e+01 -1.023871961112561735e+01 -1.023871961112559426e+01 -1.023871961112558182e+01 -1.023871961112556583e+01 -1.023871961112556050e+01 -1.023871961112554274e+01 -1.023871961112553386e+01 -1.023871961112551965e+01 -1.023871961112550899e+01 -1.023871961112548234e+01 -1.023871961112548234e+01 -1.023871961112546103e+01 -1.023871961112544859e+01 -1.023871961112543261e+01 -1.023871961112541840e+01 -1.023871961112540419e+01 -1.023871961112539708e+01 -1.023871961112538287e+01 -1.023871961112537043e+01 -1.023871961112534734e+01 -1.023871961112534734e+01 -1.023871961112532958e+01 -1.023871961112531537e+01 -1.023871961112529227e+01 -1.023871961112528339e+01 -1.023871961112527806e+01 -1.023871961112526208e+01 -1.023871961112524609e+01 -1.023871961112522655e+01 -1.023871961112520701e+01 -1.023871961112520168e+01 -1.023871961112518747e+01 -1.023871961112517681e+01 -1.023871961112516615e+01 -1.023871961112515550e+01 -1.023871961112512885e+01 -1.023871961112511997e+01 -1.023871961112510398e+01 -1.023871961112508622e+01 -1.023871961112507201e+01 -1.023871961112506135e+01 -1.023871961112505424e+01 -1.023871961112503293e+01 -1.023871961112502582e+01 -1.023871961112501872e+01 -1.023871961112500273e+01 -1.023871961112497608e+01 -1.023871961112497431e+01 -1.023871961112495832e+01 -1.023871961112494766e+01 -1.023871961112492279e+01 -1.023871961112490681e+01 -1.023871961112490503e+01 -1.023871961112488549e+01 -1.023871961112487483e+01 -1.023871961112485351e+01 -1.023871961112485351e+01 -1.023871961112482687e+01 -1.023871961112481088e+01 -1.023871961112480911e+01 -1.023871961112478601e+01 -1.023871961112477713e+01 -1.023871961112475937e+01 -1.023871961112475226e+01 -1.023871961112473450e+01 -1.023871961112472029e+01 -1.023871961112471496e+01 -1.023871961112469897e+01 -1.023871961112468121e+01 -1.023871961112466877e+01 -1.023871961112465989e+01 -1.023871961112464568e+01 -1.023871961112462436e+01 -1.023871961112460660e+01 -1.023871961112458884e+01 -1.023871961112458706e+01 -1.023871961112457107e+01 -1.023871961112455153e+01 -1.023871961112454088e+01 -1.023871961112452134e+01 -1.023871961112452134e+01 -1.023871961112450002e+01 -1.023871961112448581e+01 -1.023871961112447160e+01 -1.023871961112445561e+01 -1.023871961112445561e+01 -1.023871961112443607e+01 -1.023871961112441831e+01 -1.023871961112440410e+01 -1.023871961112439521e+01 -1.023871961112437745e+01 -1.023871961112436857e+01 -1.023871961112435791e+01 -1.023871961112432949e+01 -1.023871961112432594e+01 -1.023871961112431705e+01 -1.023871961112429751e+01 -1.023871961112428508e+01 -1.023871961112427442e+01 -1.023871961112426199e+01 -1.023871961112424422e+01 -1.023871961112422824e+01 -1.023871961112420870e+01 -1.023871961112421225e+01 -1.023871961112418738e+01 -1.023871961112417317e+01 -1.023871961112415541e+01 -1.023871961112414652e+01 -1.023871961112413764e+01 -1.023871961112411277e+01 -1.023871961112411100e+01 -1.023871961112409146e+01 -1.023871961112407192e+01 -1.023871961112406659e+01 -1.023871961112406126e+01 -1.023871961112403461e+01 -1.023871961112402040e+01 -1.023871961112399909e+01 -1.023871961112399553e+01 -1.023871961112397599e+01 -1.023871961112397067e+01 -1.023871961112394935e+01 -1.023871961112394047e+01 -1.023871961112392448e+01 -1.023871961112391560e+01 -1.023871961112389783e+01 -1.023871961112387652e+01 -1.023871961112386764e+01 -1.023871961112386408e+01 -1.023871961112385165e+01 -1.023871961112383033e+01 -1.023871961112382145e+01 -1.023871961112380369e+01 -1.023871961112378770e+01 -1.023871961112377527e+01 -1.023871961112375217e+01 -1.023871961112374507e+01 -1.023871961112373263e+01 -1.023871961112373086e+01 -1.023871961112370599e+01 -1.023871961112370244e+01 -1.023871961112368290e+01 -1.023871961112367046e+01 -1.023871961112365447e+01 -1.023871961112363671e+01 -1.023871961112361895e+01 -1.023871961112360651e+01 -1.023871961112359941e+01 -1.023871961112359230e+01 -1.023871961112357454e+01 -1.023871961112355855e+01 -1.023871961112354789e+01 -1.023871961112353191e+01 -1.023871961112350348e+01 -1.023871961112349283e+01 -1.023871961112348039e+01 -1.023871961112346440e+01 -1.023871961112346085e+01 -1.023871961112344486e+01 -1.023871961112343598e+01 -1.023871961112341644e+01 -1.023871961112341111e+01 -1.023871961112338802e+01 -1.023871961112338091e+01 -1.023871961112336848e+01 -1.023871961112335072e+01 -1.023871961112334539e+01 -1.023871961112332940e+01 -1.023871961112330986e+01 -1.023871961112329565e+01 -1.023871961112328322e+01 -1.023871961112326723e+01 -1.023871961112325124e+01 -1.023871961112323525e+01 -1.023871961112322637e+01 -1.023871961112320861e+01 -1.023871961112319973e+01 -1.023871961112319440e+01 -1.023871961112318019e+01 -1.023871961112315709e+01 -1.023871961112315176e+01 -1.023871961112313222e+01 -1.023871961112311268e+01 -1.023871961112309847e+01 -1.023871961112309847e+01 -1.023871961112307893e+01 -1.023871961112306117e+01 -1.023871961112305051e+01 -1.023871961112302564e+01 -1.023871961112302031e+01 -1.023871961112300077e+01 -1.023871961112299367e+01 -1.023871961112297946e+01 -1.023871961112296169e+01 -1.023871961112296525e+01 -1.023871961112293505e+01 -1.023871961112292439e+01 -1.023871961112291729e+01 -1.023871961112289419e+01 -1.023871961112288709e+01 -1.023871961112287643e+01 -1.023871961112285689e+01 -1.023871961112284446e+01 -1.023871961112282492e+01 -1.023871961112280538e+01 -1.023871961112279472e+01 -1.023871961112278761e+01 -1.023871961112276630e+01 -1.023871961112276097e+01 -1.023871961112273965e+01 -1.023871961112273432e+01 -1.023871961112272189e+01 -1.023871961112270057e+01 -1.023871961112268458e+01 -1.023871961112269169e+01 -1.023871961112266504e+01 -1.023871961112264906e+01 -1.023871961112263840e+01 -1.023871961112262241e+01 -1.023871961112260465e+01 -1.023871961112260287e+01 -1.023871961112257623e+01 -1.023871961112256557e+01 -1.023871961112256379e+01 -1.023871961112254425e+01 -1.023871961112252649e+01 -1.023871961112251583e+01 -1.023871961112250517e+01 -1.023871961112248030e+01 -1.023871961112247142e+01 -1.023871961112245543e+01 -1.023871961112244655e+01 -1.023871961112242346e+01 -1.023871961112241458e+01 -1.023871961112240392e+01 -1.023871961112238615e+01 -1.023871961112237372e+01 -1.023871961112237372e+01 -1.023871961112235240e+01 -1.023871961112234708e+01 -1.023871961112231332e+01 -1.023871961112230622e+01 -1.023871961112229734e+01 -1.023871961112227602e+01 -1.023871961112227069e+01 -1.023871961112225470e+01 -1.023871961112223516e+01 -1.023871961112221562e+01 -1.023871961112220674e+01 -1.023871961112219076e+01 -1.023871961112217654e+01 -1.023871961112216944e+01 -1.023871961112213924e+01 -1.023871961112213924e+01 -1.023871961112212503e+01 -1.023871961112212681e+01 -1.023871961112209661e+01 -1.023871961112208240e+01 -1.023871961112207529e+01 -1.023871961112206819e+01 -1.023871961112205042e+01 -1.023871961112204332e+01 -1.023871961112201667e+01 -1.023871961112200069e+01 -1.023871961112199003e+01 -1.023871961112197582e+01 -1.023871961112196338e+01 -1.023871961112195095e+01 -1.023871961112193851e+01 -1.023871961112192253e+01 -1.023871961112190654e+01 -1.023871961112189766e+01 -1.023871961112188700e+01 -1.023871961112185680e+01 -1.023871961112186213e+01 -1.023871961112184792e+01 -1.023871961112181772e+01 -1.023871961112181062e+01 -1.023871961112180173e+01 -1.023871961112178575e+01 -1.023871961112176798e+01 -1.023871961112175200e+01 -1.023871961112173601e+01 -1.023871961112172357e+01 -1.023871961112171292e+01 -1.023871961112169870e+01 -1.023871961112167739e+01 -1.023871961112167206e+01 -1.023871961112166140e+01 -1.023871961112164541e+01 -1.023871961112164541e+01 -1.023871961112162410e+01 -1.023871961112160456e+01 -1.023871961112159035e+01 -1.023871961112157969e+01 -1.023871961112155837e+01 -1.023871961112155304e+01 -1.023871961112154594e+01 -1.023871961112154061e+01 -1.023871961112151396e+01 -1.023871961112149798e+01 -1.023871961112147666e+01 -1.023871961112145890e+01 -1.023871961112146245e+01 -1.023871961112143758e+01 -1.023871961112143048e+01 -1.023871961112140738e+01 -1.023871961112140205e+01 -1.023871961112139317e+01 -1.023871961112137008e+01 -1.023871961112135587e+01 -1.023871961112133988e+01 -1.023871961112133100e+01 -1.023871961112132212e+01 -1.023871961112129902e+01 -1.023871961112128837e+01 -1.023871961112128126e+01 -1.023871961112126883e+01 -1.023871961112125817e+01 -1.023871961112122442e+01 -1.023871961112121021e+01 -1.023871961112119955e+01 -1.023871961112119777e+01 -1.023871961112118001e+01 -1.023871961112116402e+01 -1.023871961112115514e+01 -1.023871961112114981e+01 -1.023871961112112849e+01 -1.023871961112111606e+01 -1.023871961112109830e+01 -1.023871961112107520e+01 -1.023871961112106810e+01 -1.023871961112107520e+01 -1.023871961112105211e+01 -1.023871961112103079e+01 -1.023871961112102547e+01 -1.023871961112100593e+01 -1.023871961112099171e+01 -1.023871961112098639e+01 -1.023871961112096685e+01 -1.023871961112094375e+01 -1.023871961112093487e+01 -1.023871961112092599e+01 -1.023871961112090290e+01 -1.023871961112089579e+01 -1.023871961112087625e+01 -1.023871961112086382e+01 -1.023871961112085316e+01 -1.023871961112083895e+01 -1.023871961112081763e+01 -1.023871961112080697e+01 -1.023871961112080342e+01 -1.023871961112079099e+01 -1.023871961112076789e+01 -1.023871961112075724e+01 -1.023871961112073947e+01 -1.023871961112072526e+01 -1.023871961112071460e+01 -1.023871961112070395e+01 -1.023871961112068085e+01 -1.023871961112067019e+01 -1.023871961112065421e+01 -1.023871961112064355e+01 -1.023871961112063111e+01 -1.023871961112061868e+01 -1.023871961112061335e+01 -1.023871961112059736e+01 -1.023871961112057782e+01 -1.023871961112055295e+01 -1.023871961112055651e+01 -1.023871961112052453e+01 -1.023871961112052453e+01 -1.023871961112050677e+01 -1.023871961112049789e+01 -1.023871961112048723e+01 -1.023871961112046591e+01 -1.023871961112045170e+01 -1.023871961112043927e+01 -1.023871961112042150e+01 -1.023871961112040907e+01 -1.023871961112039486e+01 -1.023871961112038775e+01 -1.023871961112037532e+01 -1.023871961112035933e+01 -1.023871961112034867e+01 -1.023871961112032736e+01 -1.023871961112030249e+01 -1.023871961112030249e+01 -1.023871961112028650e+01 -1.023871961112027940e+01 -1.023871961112025986e+01 -1.023871961112024564e+01 -1.023871961112022788e+01 -1.023871961112022966e+01 -1.023871961112020301e+01 -1.023871961112019235e+01 -1.023871961112018347e+01 -1.023871961112017459e+01 -1.023871961112014972e+01 -1.023871961112014084e+01 -1.023871961112013373e+01 -1.023871961112011064e+01 -1.023871961112009288e+01 -1.023871961112008044e+01 -1.023871961112005557e+01 -1.023871961112004847e+01 -1.023871961112003781e+01 -1.023871961112003071e+01 -1.023871961112001472e+01 -1.023871961112000051e+01 -1.023871961111998807e+01 -1.023871961111997386e+01 -1.023871961111995255e+01 -1.023871961111994366e+01 -1.023871961111993301e+01 -1.023871961111992235e+01 -1.023871961111989393e+01 -1.023871961111989570e+01 -1.023871961111988149e+01 -1.023871961111986728e+01 -1.023871961111984419e+01 -1.023871961111982820e+01 -1.023871961111982642e+01 -1.023871961111980866e+01 -1.023871961111979623e+01 -1.023871961111977491e+01 -1.023871961111976070e+01 -1.023871961111975715e+01 -1.023871961111974827e+01 -1.023871961111972517e+01 -1.023871961111970741e+01 -1.023871961111969320e+01 -1.023871961111967721e+01 -1.023871961111967011e+01 -1.023871961111966122e+01 -1.023871961111965057e+01 -1.023871961111962570e+01 -1.023871961111962392e+01 -1.023871961111960083e+01 -1.023871961111959195e+01 -1.023871961111957596e+01 -1.023871961111956708e+01 -1.023871961111954221e+01 -1.023871961111951556e+01 -1.023871961111951556e+01 -1.023871961111950668e+01 -1.023871961111948892e+01 -1.023871961111947648e+01 -1.023871961111945517e+01 -1.023871961111944806e+01 -1.023871961111943385e+01 -1.023871961111941964e+01 -1.023871961111941431e+01 -1.023871961111939122e+01 -1.023871961111938056e+01 -1.023871961111938589e+01 -1.023871961111935214e+01 -1.023871961111934148e+01 -1.023871961111932727e+01 -1.023871961111931128e+01 -1.023871961111930418e+01 -1.023871961111929174e+01 -1.023871961111927220e+01 -1.023871961111925266e+01 -1.023871961111923845e+01 -1.023871961111922957e+01 -1.023871961111921536e+01 -1.023871961111919582e+01 -1.023871961111919049e+01 -1.023871961111916917e+01 -1.023871961111914786e+01 -1.023871961111915141e+01 -1.023871961111912832e+01 -1.023871961111912299e+01 -1.023871961111911588e+01 -1.023871961111909634e+01 -1.023871961111908213e+01 -1.023871961111905193e+01 -1.023871961111904305e+01 -1.023871961111904838e+01 -1.023871961111902351e+01 -1.023871961111900575e+01 -1.023871961111899687e+01 -1.023871961111897733e+01 -1.023871961111897200e+01 -1.023871961111895423e+01 -1.023871961111894535e+01 -1.023871961111893114e+01 -1.023871961111892048e+01 -1.023871961111891160e+01 -1.023871961111888496e+01 -1.023871961111887252e+01 -1.023871961111885120e+01 -1.023871961111885298e+01 -1.023871961111881923e+01 -1.023871961111881745e+01 -1.023871961111880147e+01 -1.023871961111878726e+01 -1.023871961111877127e+01 -1.023871961111876061e+01 -1.023871961111875173e+01 -1.023871961111874285e+01 -1.023871961111872864e+01 -1.023871961111872331e+01 -1.023871961111869666e+01 -1.023871961111868600e+01 -1.023871961111866469e+01 -1.023871961111866291e+01 -1.023871961111864692e+01 -1.023871961111862561e+01 -1.023871961111860429e+01 -1.023871961111858653e+01 -1.023871961111858120e+01 -1.023871961111857409e+01 -1.023871961111856344e+01 -1.023871961111853679e+01 -1.023871961111853146e+01 -1.023871961111851547e+01 -1.023871961111850659e+01 -1.023871961111849060e+01 -1.023871961111847817e+01 -1.023871961111845685e+01 -1.023871961111844442e+01 -1.023871961111843198e+01 -1.023871961111843021e+01 -1.023871961111840179e+01 -1.023871961111839113e+01 -1.023871961111838047e+01 -1.023871961111836626e+01 -1.023871961111834317e+01 -1.023871961111834317e+01 -1.023871961111833073e+01 -1.023871961111830764e+01 -1.023871961111829698e+01 -1.023871961111827567e+01 -1.023871961111827211e+01 -1.023871961111824902e+01 -1.023871961111825080e+01 -1.023871961111823303e+01 -1.023871961111821527e+01 -1.023871961111819928e+01 -1.023871961111818862e+01 -1.023871961111817441e+01 -1.023871961111815132e+01 -1.023871961111813711e+01 -1.023871961111812112e+01 -1.023871961111812112e+01 -1.023871961111810158e+01 -1.023871961111809625e+01 -1.023871961111806783e+01 -1.023871961111806783e+01 -1.023871961111804474e+01 -1.023871961111803053e+01 -1.023871961111802165e+01 -1.023871961111800744e+01 -1.023871961111798612e+01 -1.023871961111798612e+01 -1.023871961111796303e+01 -1.023871961111794882e+01 -1.023871961111793638e+01 -1.023871961111791862e+01 -1.023871961111790974e+01 -1.023871961111790618e+01 -1.023871961111787421e+01 -1.023871961111786533e+01 -1.023871961111786000e+01 -1.023871961111784579e+01 -1.023871961111782980e+01 -1.023871961111781381e+01 -1.023871961111780493e+01 -1.023871961111779072e+01 -1.023871961111777829e+01 -1.023871961111775519e+01 -1.023871961111773210e+01 -1.023871961111773032e+01 -1.023871961111771789e+01 -1.023871961111770368e+01 -1.023871961111769835e+01 -1.023871961111766993e+01 -1.023871961111765394e+01 -1.023871961111765216e+01 -1.023871961111763618e+01 -1.023871961111762019e+01 -1.023871961111760420e+01 -1.023871961111759177e+01 -1.023871961111758644e+01 -1.023871961111756868e+01 -1.023871961111755446e+01 -1.023871961111754558e+01 -1.023871961111752960e+01 -1.023871961111752071e+01 -1.023871961111749584e+01 -1.023871961111748874e+01 -1.023871961111746387e+01 -1.023871961111746387e+01 -1.023871961111744611e+01 -1.023871961111743190e+01 -1.023871961111741591e+01 -1.023871961111739814e+01 -1.023871961111737683e+01 -1.023871961111737150e+01 -1.023871961111735018e+01 -1.023871961111735551e+01 -1.023871961111733775e+01 -1.023871961111731288e+01 -1.023871961111730933e+01 -1.023871961111728091e+01 -1.023871961111728801e+01 -1.023871961111726847e+01 -1.023871961111725071e+01 -1.023871961111723294e+01 -1.023871961111722761e+01 -1.023871961111720452e+01 -1.023871961111719919e+01 -1.023871961111718498e+01 -1.023871961111717965e+01 -1.023871961111715834e+01 -1.023871961111712814e+01 -1.023871961111712281e+01 -1.023871961111711038e+01 -1.023871961111709972e+01 -1.023871961111709084e+01 -1.023871961111707307e+01 -1.023871961111705886e+01 -1.023871961111704465e+01 -1.023871961111704287e+01 -1.023871961111702511e+01 -1.023871961111701623e+01 -1.023871961111699491e+01 -1.023871961111697892e+01 -1.023871961111696294e+01 -1.023871961111693984e+01 -1.023871961111693984e+01 -1.023871961111691853e+01 -1.023871961111690609e+01 -1.023871961111688833e+01 -1.023871961111687590e+01 -1.023871961111686524e+01 -1.023871961111685458e+01 -1.023871961111683326e+01 -1.023871961111682793e+01 -1.023871961111681372e+01 -1.023871961111679241e+01 -1.023871961111679063e+01 -1.023871961111676931e+01 -1.023871961111675510e+01 -1.023871961111674800e+01 -1.023871961111673379e+01 -1.023871961111670892e+01 -1.023871961111670004e+01 -1.023871961111669115e+01 -1.023871961111668583e+01 -1.023871961111667339e+01 -1.023871961111665918e+01 -1.023871961111663964e+01 -1.023871961111662188e+01 -1.023871961111660411e+01 -1.023871961111660234e+01 -1.023871961111658813e+01 -1.023871961111656681e+01 -1.023871961111655082e+01 -1.023871961111653484e+01 -1.023871961111651885e+01 -1.023871961111650641e+01 -1.023871961111649753e+01 -1.023871961111648510e+01 -1.023871961111647089e+01 -1.023871961111645490e+01 -1.023871961111644424e+01 -1.023871961111642470e+01 -1.023871961111641227e+01 -1.023871961111640516e+01 -1.023871961111637852e+01 -1.023871961111637141e+01 -1.023871961111635365e+01 -1.023871961111634121e+01 -1.023871961111633055e+01 -1.023871961111631812e+01 -1.023871961111630569e+01 -1.023871961111628615e+01 -1.023871961111627549e+01 -1.023871961111626128e+01 -1.023871961111625950e+01 -1.023871961111623108e+01 -1.023871961111620976e+01 -1.023871961111621154e+01 -1.023871961111619200e+01 -1.023871961111618489e+01 -1.023871961111616891e+01 -1.023871961111615292e+01 -1.023871961111613160e+01 -1.023871961111612450e+01 -1.023871961111611562e+01 -1.023871961111609963e+01 -1.023871961111608009e+01 -1.023871961111606588e+01 -1.023871961111605877e+01 -1.023871961111603568e+01 -1.023871961111603390e+01 -1.023871961111601614e+01 -1.023871961111600726e+01 -1.023871961111598416e+01 -1.023871961111598061e+01 -1.023871961111596818e+01 -1.023871961111596107e+01 -1.023871961111593265e+01 -1.023871961111592732e+01 -1.023871961111590956e+01 -1.023871961111589357e+01 -1.023871961111587403e+01 -1.023871961111585627e+01 -1.023871961111585449e+01 -1.023871961111583140e+01 -1.023871961111582962e+01 -1.023871961111581186e+01 -1.023871961111579942e+01 -1.023871961111578699e+01 -1.023871961111576034e+01 -1.023871961111576034e+01 -1.023871961111575501e+01 -1.023871961111573192e+01 -1.023871961111571594e+01 -1.023871961111569817e+01 -1.023871961111568751e+01 -1.023871961111567153e+01 -1.023871961111565554e+01 -1.023871961111563778e+01 -1.023871961111562889e+01 -1.023871961111561646e+01 -1.023871961111560402e+01 -1.023871961111558804e+01 -1.023871961111558448e+01 -1.023871961111556317e+01 -1.023871961111554718e+01 -1.023871961111554718e+01 -1.023871961111551343e+01 -1.023871961111550988e+01 -1.023871961111548856e+01 -1.023871961111547080e+01 -1.023871961111546369e+01 -1.023871961111544948e+01 -1.023871961111543527e+01 -1.023871961111542284e+01 -1.023871961111540863e+01 -1.023871961111540152e+01 -1.023871961111538376e+01 -1.023871961111538376e+01 -1.023871961111536599e+01 -1.023871961111533402e+01 -1.023871961111533402e+01 -1.023871961111530915e+01 -1.023871961111530204e+01 -1.023871961111529316e+01 -1.023871961111527362e+01 -1.023871961111526296e+01 -1.023871961111525231e+01 -1.023871961111522921e+01 -1.023871961111522033e+01 -1.023871961111520612e+01 -1.023871961111519546e+01 -1.023871961111517237e+01 -1.023871961111516526e+01 -1.023871961111515638e+01 -1.023871961111514928e+01 -1.023871961111511730e+01 -1.023871961111510842e+01 -1.023871961111509776e+01 -1.023871961111508355e+01 -1.023871961111506224e+01 -1.023871961111504980e+01 -1.023871961111503914e+01 -1.023871961111502493e+01 -1.023871961111501250e+01 -1.023871961111500006e+01 -1.023871961111498763e+01 -1.023871961111496276e+01 -1.023871961111496276e+01 -1.023871961111494855e+01 -1.023871961111493256e+01 -1.023871961111491657e+01 -1.023871961111490059e+01 -1.023871961111489348e+01 -1.023871961111487749e+01 -1.023871961111485618e+01 -1.023871961111484552e+01 -1.023871961111483486e+01 -1.023871961111481710e+01 -1.023871961111480822e+01 -1.023871961111479578e+01 -1.023871961111477269e+01 -1.023871961111477091e+01 -1.023871961111475315e+01 -1.023871961111473894e+01 -1.023871961111472473e+01 -1.023871961111470874e+01 -1.023871961111468742e+01 -1.023871961111468032e+01 -1.023871961111467321e+01 -1.023871961111465545e+01 -1.023871961111463769e+01 -1.023871961111462703e+01 -1.023871961111462170e+01 -1.023871961111459328e+01 -1.023871961111459505e+01 -1.023871961111457374e+01 -1.023871961111455420e+01 -1.023871961111454354e+01 -1.023871961111452933e+01 -1.023871961111451867e+01 -1.023871961111450801e+01 -1.023871961111448314e+01 -1.023871961111448137e+01 -1.023871961111446183e+01 -1.023871961111444939e+01 -1.023871961111442808e+01 -1.023871961111442275e+01 -1.023871961111439433e+01 -1.023871961111439788e+01 -1.023871961111439077e+01 -1.023871961111437123e+01 -1.023871961111434992e+01 -1.023871961111434103e+01 -1.023871961111432860e+01 -1.023871961111430728e+01 -1.023871961111431439e+01 -1.023871961111429485e+01 -1.023871961111426998e+01 -1.023871961111425399e+01 -1.023871961111423623e+01 -1.023871961111423090e+01 -1.023871961111422024e+01 -1.023871961111420958e+01 -1.023871961111419360e+01 -1.023871961111417406e+01 -1.023871961111416518e+01 -1.023871961111414741e+01 -1.023871961111412965e+01 -1.023871961111412077e+01 -1.023871961111411011e+01 -1.023871961111409412e+01 -1.023871961111407280e+01 -1.023871961111406570e+01 -1.023871961111405504e+01 -1.023871961111404261e+01 -1.023871961111401419e+01 -1.023871961111400708e+01 -1.023871961111399642e+01 -1.023871961111398399e+01 -1.023871961111396622e+01 -1.023871961111395201e+01 -1.023871961111394135e+01 -1.023871961111392714e+01 -1.023871961111390405e+01 -1.023871961111390405e+01 -1.023871961111389339e+01 -1.023871961111387030e+01 -1.023871961111384898e+01 -1.023871961111383833e+01 -1.023871961111382234e+01 -1.023871961111382056e+01 -1.023871961111380102e+01 -1.023871961111379747e+01 -1.023871961111378681e+01 -1.023871961111375484e+01 -1.023871961111375484e+01 -1.023871961111373352e+01 -1.023871961111372286e+01 -1.023871961111371220e+01 -1.023871961111369266e+01 -1.023871961111369089e+01 -1.023871961111367845e+01 -1.023871961111365536e+01 -1.023871961111364115e+01 -1.023871961111363404e+01 -1.023871961111361806e+01 -1.023871961111359852e+01 -1.023871961111357898e+01 -1.023871961111356832e+01 -1.023871961111354700e+01 -1.023871961111354167e+01 -1.023871961111352924e+01 -1.023871961111351503e+01 -1.023871961111351148e+01 -1.023871961111348305e+01 -1.023871961111348128e+01 -1.023871961111346351e+01 -1.023871961111344575e+01 -1.023871961111343154e+01 -1.023871961111342799e+01 -1.023871961111340489e+01 -1.023871961111339957e+01 -1.023871961111337647e+01 -1.023871961111336404e+01 -1.023871961111334272e+01 -1.023871961111333739e+01 -1.023871961111332318e+01 -1.023871961111331075e+01 -1.023871961111329831e+01 -1.023871961111329121e+01 -1.023871961111327167e+01 -1.023871961111325568e+01 -1.023871961111324858e+01 -1.023871961111323436e+01 -1.023871961111322904e+01 -1.023871961111321127e+01 -1.023871961111318463e+01 -1.023871961111316686e+01 -1.023871961111314555e+01 -1.023871961111314022e+01 -1.023871961111312956e+01 -1.023871961111311357e+01 -1.023871961111310114e+01 -1.023871961111308870e+01 -1.023871961111307272e+01 -1.023871961111306739e+01 -1.023871961111304074e+01 -1.023871961111303541e+01 -1.023871961111303008e+01 -1.023871961111301054e+01 -1.023871961111299456e+01 -1.023871961111297679e+01 -1.023871961111297146e+01 -1.023871961111295548e+01 -1.023871961111293949e+01 -1.023871961111293416e+01 -1.023871961111290751e+01 -1.023871961111290041e+01 -1.023871961111287554e+01 -1.023871961111287199e+01 -1.023871961111285955e+01 -1.023871961111283113e+01 -1.023871961111282047e+01 -1.023871961111282047e+01 -1.023871961111280271e+01 -1.023871961111280271e+01 -1.023871961111277429e+01 -1.023871961111276541e+01 -1.023871961111274942e+01 -1.023871961111272988e+01 -1.023871961111271034e+01 -1.023871961111269435e+01 -1.023871961111268725e+01 -1.023871961111267836e+01 -1.023871961111265882e+01 -1.023871961111265350e+01 -1.023871961111263218e+01 -1.023871961111262507e+01 -1.023871961111262330e+01 -1.023871961111258777e+01 -1.023871961111257889e+01 -1.023871961111256113e+01 -1.023871961111255580e+01 -1.023871961111253626e+01 -1.023871961111252737e+01 -1.023871961111251849e+01 -1.023871961111250783e+01 -1.023871961111248474e+01 -1.023871961111247231e+01 -1.023871961111245810e+01
