# Wed Jul  7 18:00:51 2021
# Spin blind formalism, bias turned off, lead sites decoupled
# Inputs:
# - Num. leads = (4, 4)
# - Num. impurity sites = 1
# - nelecs = (9, 0)
# - V_leads = 1.0
# - V_imp_leads = 0.4
# - V_bias = -0.005
# - mu = 0
# - V_gate = -1.0
# - U = 1.0
0.000000000000000000e+00 1.000000000000000021e-02 2.000000000000000042e-02 2.999999999999999889e-02 4.000000000000000083e-02 5.000000000000000278e-02 5.999999999999999778e-02 7.000000000000000666e-02 8.000000000000000167e-02 8.999999999999999667e-02 1.000000000000000056e-01 1.100000000000000006e-01 1.199999999999999956e-01 1.300000000000000044e-01 1.400000000000000133e-01 1.499999999999999944e-01 1.600000000000000033e-01 1.700000000000000122e-01 1.799999999999999933e-01 1.900000000000000022e-01 2.000000000000000111e-01 2.099999999999999922e-01 2.200000000000000011e-01 2.300000000000000100e-01 2.399999999999999911e-01 2.500000000000000000e-01 2.600000000000000089e-01 2.700000000000000178e-01 2.800000000000000266e-01 2.899999999999999800e-01 2.999999999999999889e-01 3.099999999999999978e-01 3.200000000000000067e-01 3.300000000000000155e-01 3.400000000000000244e-01 3.500000000000000333e-01 3.599999999999999867e-01 3.699999999999999956e-01 3.800000000000000044e-01 3.900000000000000133e-01 4.000000000000000222e-01 4.100000000000000311e-01 4.199999999999999845e-01 4.299999999999999933e-01 4.400000000000000022e-01 4.500000000000000111e-01 4.600000000000000200e-01 4.700000000000000289e-01 4.799999999999999822e-01 4.899999999999999911e-01 5.000000000000000000e-01 5.100000000000000089e-01 5.200000000000000178e-01 5.300000000000000266e-01 5.400000000000000355e-01 5.500000000000000444e-01 5.600000000000000533e-01 5.700000000000000622e-01 5.799999999999999600e-01 5.899999999999999689e-01 5.999999999999999778e-01 6.099999999999999867e-01 6.199999999999999956e-01 6.300000000000000044e-01 6.400000000000000133e-01 6.500000000000000222e-01 6.600000000000000311e-01 6.700000000000000400e-01 6.800000000000000488e-01 6.900000000000000577e-01 7.000000000000000666e-01 7.099999999999999645e-01 7.199999999999999734e-01 7.299999999999999822e-01 7.399999999999999911e-01 7.500000000000000000e-01 7.600000000000000089e-01 7.700000000000000178e-01 7.800000000000000266e-01 7.900000000000000355e-01 8.000000000000000444e-01 8.100000000000000533e-01 8.200000000000000622e-01 8.300000000000000711e-01 8.399999999999999689e-01 8.499999999999999778e-01 8.599999999999999867e-01 8.699999999999999956e-01 8.800000000000000044e-01 8.900000000000000133e-01 9.000000000000000222e-01 9.100000000000000311e-01 9.200000000000000400e-01 9.300000000000000488e-01 9.400000000000000577e-01 9.500000000000000666e-01 9.599999999999999645e-01 9.699999999999999734e-01 9.799999999999999822e-01 9.899999999999999911e-01 1.000000000000000000e+00
-1.023871961112617335e+01 -1.023871961112616980e+01 -1.023871961112616269e+01 -1.023871961112614137e+01 -1.023871961112612716e+01 -1.023871961112612539e+01 -1.023871961112610229e+01 -1.023871961112608631e+01 -1.023871961112606321e+01 -1.023871961112606677e+01 -1.023871961112604900e+01 -1.023871961112603479e+01 -1.023871961112601703e+01 -1.023871961112600282e+01 -1.023871961112599749e+01 -1.023871961112597972e+01 -1.023871961112595841e+01 -1.023871961112595308e+01 -1.023871961112593532e+01 -1.023871961112591400e+01 -1.023871961112590157e+01 -1.023871961112590334e+01 -1.023871961112588558e+01 -1.023871961112586071e+01 -1.023871961112584472e+01 -1.023871961112583584e+01 -1.023871961112582518e+01 -1.023871961112580387e+01 -1.023871961112579143e+01 -1.023871961112578610e+01 -1.023871961112577189e+01 -1.023871961112575590e+01 -1.023871961112573814e+01 -1.023871961112573103e+01 -1.023871961112570439e+01 -1.023871961112569196e+01 -1.023871961112568130e+01 -1.023871961112566886e+01 -1.023871961112564932e+01 -1.023871961112564399e+01 -1.023871961112562623e+01 -1.023871961112561024e+01 -1.023871961112560314e+01 -1.023871961112559426e+01 -1.023871961112557649e+01 -1.023871961112556406e+01 -1.023871961112555162e+01 -1.023871961112553919e+01 -1.023871961112551610e+01 -1.023871961112550011e+01 -1.023871961112549123e+01 -1.023871961112546991e+01 -1.023871961112546458e+01 -1.023871961112545037e+01 -1.023871961112543971e+01 -1.023871961112542195e+01 -1.023871961112541484e+01 -1.023871961112539175e+01 -1.023871961112538820e+01 -1.023871961112536511e+01 -1.023871961112536155e+01 -1.023871961112534379e+01 -1.023871961112533135e+01 -1.023871961112530826e+01 -1.023871961112531359e+01 -1.023871961112527806e+01 -1.023871961112527273e+01 -1.023871961112525497e+01 -1.023871961112523543e+01 -1.023871961112523010e+01 -1.023871961112520879e+01 -1.023871961112521056e+01 -1.023871961112519280e+01 -1.023871961112518392e+01 -1.023871961112516971e+01 -1.023871961112515727e+01 -1.023871961112513951e+01 -1.023871961112512885e+01 -1.023871961112510398e+01 -1.023871961112509510e+01 -1.023871961112507023e+01 -1.023871961112507023e+01 -1.023871961112504714e+01 -1.023871961112502760e+01 -1.023871961112502049e+01 -1.023871961112500806e+01 -1.023871961112499740e+01 -1.023871961112498497e+01 -1.023871961112496010e+01 -1.023871961112496010e+01 -1.023871961112494766e+01 -1.023871961112492279e+01 -1.023871961112490503e+01 -1.023871961112489970e+01 -1.023871961112488727e+01 -1.023871961112487128e+01 -1.023871961112486062e+01 -1.023871961112484463e+01 -1.023871961112482687e+01 -1.023871961112480200e+01 -1.023871961112480911e+01
